1 0 1131908 2 1
1 0 1750992 1 1
1 0 2481453 1 1
1 0 2526415 2 1
1 0 2577108 1 1
1 0 2702049 2 1
1 0 2740091 1 1
1 0 2769390 1 2
1 0 2803871 1 1
1 0 2850185 2 1
1 0 2988937 1 2
1 0 2990396 1 2
1 0 2995092 1 2
1 0 2999735 1 2
1 0 3014590 2 1
1 0 3081857 1 2
1 0 3113160 1 1
1 0 3124140 2 1
1 0 3132123 2 1
1 0 3140176 2 1
1 0 3180658 1 1
1 0 3194090 2 1
1 0 3205774 1 1
1 0 3256225 2 1
1 0 3284077 1 1
1 0 3286730 2 1
1 0 3289029 2 2
1 0 3299279 2 2
1 0 3350036 1 1
1 0 3354358 1 2
1 0 3363052 1 2
1 0 3363058 2 2
1 0 3371901 1 2
1 0 3407781 2 1
1 0 3429734 1 1
1 0 3429740 1 2
1 0 3429741 2 2
1 0 3429742 2 2
1 0 3471405 1 1
1 0 3503351 1 1
1 0 3518074 2 1
1 0 3526517 1 2
1 0 3535727 2 1
1 0 3551437 1 1
1 0 3557730 2 2
1 0 3572955 2 1
1 0 3584831 2 1
1 0 3608256 1 1
1 0 3613943 1 2
1 0 3635127 1 2
1 0 3649508 1 1
1 0 3715331 1 1
1 0 3716978 2 1
1 0 3725433 1 1
1 0 3763584 1 1
1 0 3797929 1 1
1 0 3855220 1 1
1 0 3907202 1 1
1 0 3959352 1 1
1 0 3959928 1 1
1 0 3981409 1 1
1 0 3981435 1 1
1 0 3990128 2 2
1 0 3990148 1 2
1 0 3999026 1 1
1 0 4017462 1 2
1 0 4020130 1 1
1 0 4056027 1 2
1 0 4058852 1 1
1 0 4070603 1 1
1 0 4130891 2 1
1 0 4137735 1 1
1 0 4140002 1 1
1 0 4154932 1 1
1 0 4155089 1 1
1 0 4175623 1 1
1 0 4180205 1 1
1 0 4189074 1 1
1 0 4207378 1 1
1 0 4212306 1 1
1 0 4219139 1 1
1 0 4227380 2 1
1 0 4248584 1 1
1 0 4275832 1 1
1 0 4290653 1 1
1 0 4300344 1 1
1 0 4302625 1 1
1 0 4309677 1 1
1 0 4359939 1 1
1 0 4413863 2 2
1 0 4414754 2 1
1 0 4435309 2 1
1 0 4435403 1 1
1 0 4435406 2 1
1 0 4440284 1 1
1 0 4446460 2 1
1 0 4462464 1 1
1 0 4471306 2 1
1 0 4480181 1 1
1 0 4521113 1 1
1 0 4529650 1 1
1 0 4532108 1 1
1 0 4554498 1 1
1 0 4556920 1 2
1 0 4566314 1 2
1 0 4575013 2 1
1 0 4593448 2 1
1 0 4601954 1 1
1 0 4604673 1 2
1 0 4612748 1 1
1 0 4612755 1 1
1 0 4625701 2 2
1 0 4625821 1 1
1 0 4631331 1 1
1 0 4640374 1 1
1 0 4651414 1 2
1 0 4659952 1 1
1 0 4678475 1 1
1 0 4724023 1 1
1 0 4725400 2 1
1 0 4736815 2 1
1 0 4748192 2 1
1 0 4754525 1 1
1 0 4768653 2 1
1 0 4770549 1 1
1 0 4791644 2 1
1 0 4798841 1 2
1 0 4798933 1 2
2 0 2740164 1 2
2 0 2759595 1 1
2 0 2759599 1 2
2 0 2767143 1 2
2 0 2911928 1 1
2 0 2917564 1 1
2 0 2981898 1 1
2 0 3087225 1 1
2 0 3092498 2 1
2 0 3134022 2 2
2 0 3169987 1 1
2 0 3170801 1 2
2 0 3180441 1 1
2 0 3214747 2 2
2 0 3235307 1 2
2 0 3242950 2 2
2 0 3261383 2 2
2 0 3295703 1 1
2 0 3298517 1 1
2 0 3318264 2 2
2 0 3338223 1 1
2 0 3360183 1 2
2 0 3377140 1 2
2 0 3382155 1 2
2 0 3479894 1 2
2 0 3495212 1 1
2 0 3506841 1 2
2 0 3528042 1 2
2 0 3753755 1 2
2 0 3940987 2 1
2 0 4404766 1 2
2 0 4427957 1 2
2 0 4494722 1 2
2 0 4525462 2 1
3 0 1036271 2 1
3 0 1065094 1 2
3 0 1156895 2 1
3 0 125316 2 2
3 0 2249616 1 2
3 0 2526068 1 1
3 0 2556667 1 1
3 0 2565068 2 2
3 0 2577109 1 1
3 0 2635358 1 2
3 0 2672256 1 1
3 0 2687610 1 1
3 0 270697 1 1
3 0 2763138 2 1
3 0 2765633 2 1
3 0 2804020 2 1
3 0 2820226 2 1
3 0 2840933 1 2
3 0 2842888 2 1
3 0 2843714 2 1
3 0 2843839 2 1
3 0 2876747 2 2
3 0 2887145 2 1
3 0 2888329 1 1
3 0 2899863 1 2
3 0 2939498 2 1
3 0 2987304 1 1
3 0 3053378 1 1
3 0 3104646 2 1
3 0 3109782 1 1
3 0 3109793 1 2
3 0 3180153 2 1
3 0 3200192 1 1
3 0 3205785 1 1
3 0 3221973 2 1
3 0 3228238 1 1
3 0 3229087 2 1
3 0 3237266 1 1
3 0 3247108 1 1
3 0 3254238 1 1
3 0 3284177 1 1
3 0 3307996 1 1
3 0 3312358 2 1
3 0 3318852 2 1
3 0 3338238 1 2
3 0 3354941 1 2
3 0 3358187 1 1
3 0 3362964 1 1
3 0 3371576 2 1
3 0 3373052 2 1
3 0 3376137 2 1
3 0 3396250 2 1
3 0 3414444 2 1
3 0 3426475 2 2
3 0 3481701 2 1
3 0 3483665 1 1
3 0 3488377 2 1
3 0 3505772 1 2
3 0 3522482 1 1
3 0 3539373 1 1
3 0 3544066 2 1
3 0 3546010 1 1
3 0 3546560 2 1
3 0 3556696 2 1
3 0 3557872 1 2
3 0 3565908 1 1
3 0 3576492 2 1
3 0 3630912 1 2
3 0 3662630 1 1
3 0 3665061 1 1
3 0 3672412 1 1
3 0 3673351 1 2
3 0 3679010 1 2
3 0 3722976 1 1
3 0 3741079 1 1
3 0 3743519 2 1
3 0 3785334 1 1
3 0 3808825 2 1
3 0 3826854 1 1
3 0 3841330 1 1
3 0 3884710 1 2
3 0 3892609 2 1
3 0 3903623 1 1
3 0 3916366 1 2
3 0 3916372 2 1
3 0 3916373 2 1
3 0 3916382 2 1
3 0 3943129 1 1
3 0 3943131 2 1
3 0 3964641 1 2
3 0 3986828 2 1
3 0 3994662 2 2
3 0 4000140 2 1
3 0 4031877 1 1
3 0 4056524 1 1
3 0 4057416 1 1
3 0 4089585 2 1
3 0 4092055 2 2
3 0 4111645 2 1
3 0 4120759 2 1
3 0 4129442 2 1
3 0 4136371 1 1
3 0 4158638 2 1
3 0 4162386 1 1
3 0 4166876 2 1
3 0 4182685 1 1
3 0 4194386 1 1
3 0 4225728 2 1
3 0 4231703 2 1
3 0 4277161 1 2
3 0 4286984 2 2
3 0 4289239 2 1
3 0 4296499 2 1
3 0 4307707 1 1
3 0 4316598 2 2
3 0 4334314 2 1
3 0 4337692 1 2
3 0 4347958 1 2
3 0 4391931 2 1
3 0 4396454 2 1
3 0 4399411 1 1
3 0 4427370 1 2
3 0 4435405 1 1
3 0 4460115 2 2
3 0 4471255 1 2
3 0 4487405 2 1
3 0 4491276 1 1
3 0 4501434 1 1
3 0 4509542 1 2
3 0 4519607 2 1
3 0 4570603 2 1
3 0 4598129 1 1
3 0 4601161 2 1
3 0 4606901 1 1
3 0 4607768 1 2
3 0 4619625 1 1
3 0 4666222 1 2
3 0 4672604 1 1
3 0 4676347 2 1
3 0 4676442 1 1
3 0 4697073 1 2
3 0 4716281 1 1
3 0 4734542 2 2
3 0 4735082 2 1
3 0 4745868 1 1
3 0 4756185 1 1
3 0 4762789 2 1
3 0 4771845 2 1
3 0 4771874 2 1
3 0 4800461 2 2
3 0 503388 1 2
3 0 544349 2 2
4 0 1459158 1 1
4 0 2529301 1 1
4 0 2700561 1 1
4 0 2769425 1 1
4 0 2835690 1 1
4 0 2836993 2 1
4 0 2989526 1 1
4 0 3047842 2 1
4 0 3199125 2 2
4 0 3212425 1 1
4 0 3252886 2 1
4 0 3406277 2 2
4 0 3490454 2 1
4 0 3570241 1 1
4 0 4005623 1 2
4 0 4100853 2 1
4 0 4241333 1 1
4 0 4431985 1 1
5 0 1397848 2 2
5 0 1413549 1 1
5 0 1550946 1 1
5 0 1570456 2 1
5 0 1821031 1 2
5 0 1936425 1 1
5 0 2133286 1 1
5 0 2138862 1 1
5 0 2175052 1 2
5 0 2390581 2 2
5 0 2672801 1 1
5 0 2680832 1 1
5 0 2695191 1 2
5 0 2700454 1 1
5 0 2707150 2 1
5 0 2714572 1 1
5 0 2732457 2 2
5 0 2769394 2 1
5 0 2802352 1 1
5 0 2804000 1 1
5 0 2808596 1 1
5 0 2862516 1 1
5 0 2876707 1 1
5 0 2878709 1 1
5 0 2887203 2 2
5 0 2893430 2 1
5 0 2911691 2 1
5 0 2943190 2 1
5 0 2989655 1 1
5 0 3085066 1 1
5 0 3118372 1 2
5 0 3124326 2 1
5 0 3170633 1 1
5 0 3177592 1 1
5 0 3177593 1 1
5 0 3179729 1 1
5 0 3205006 1 1
5 0 3206111 1 1
5 0 3219397 2 1
5 0 3219759 1 1
5 0 3265990 1 1
5 0 3279485 1 1
5 0 3279680 1 1
5 0 3322186 1 1
5 0 3322781 2 1
5 0 3337385 2 1
5 0 3388422 1 1
5 0 3449432 1 1
5 0 3506076 1 1
5 0 3522406 1 1
5 0 3529714 1 1
5 0 3560221 1 2
5 0 3610129 2 2
5 0 3616179 2 1
5 0 3674684 1 1
5 0 3728139 1 1
5 0 3734890 2 1
5 0 3751499 1 1
5 0 3775210 1 1
5 0 3789906 1 1
5 0 3884115 1 1
5 0 3920447 1 1
5 0 4010004 1 1
5 0 4075808 2 1
5 0 4083727 2 1
5 0 4096672 1 1
5 0 4105837 2 1
5 0 4148341 1 2
5 0 4272454 1 2
5 0 4317064 1 1
5 0 4347759 1 1
5 0 4358709 1 1
5 0 4375738 2 2
5 0 4406689 2 1
5 0 4514331 2 2
5 0 4517711 1 1
5 0 4525785 1 2
5 0 4528890 1 1
5 0 4544810 1 2
5 0 4549099 1 2
5 0 4556185 2 1
5 0 4575933 1 1
5 0 4582879 2 1
5 0 4600341 2 1
5 0 4628679 1 1
5 0 4635095 1 1
5 0 4636101 1 1
5 0 4647554 2 1
5 0 4653927 2 1
5 0 4663880 1 1
5 0 4681960 1 1
5 0 4681963 1 1
5 0 4714524 1 1
5 0 4734536 1 1
5 0 4745185 1 1
5 0 4745348 1 1
5 0 4760950 1 1
5 0 4775775 1 2
6 0 1533809 1 1
6 0 1579209 2 2
6 0 1769384 1 1
6 0 1851966 1 2
6 0 1910597 2 1
6 0 2222670 2 1
6 0 2360257 1 1
6 0 2442185 1 1
6 0 2503992 2 2
6 0 2577108 2 2
6 0 2600648 1 2
6 0 2627244 2 1
6 0 2633451 2 1
6 0 2693653 1 1
6 0 2703746 1 1
6 0 2722154 1 1
6 0 2727973 2 2
6 0 2740148 1 2
6 0 2769390 1 1
6 0 2779396 2 1
6 0 2784504 1 1
6 0 2784508 1 2
6 0 2784509 1 2
6 0 2803897 1 1
6 0 2841412 1 2
6 0 2843666 1 1
6 0 2881112 1 1
6 0 2924713 1 2
6 0 2933631 1 1
6 0 2964604 2 1
6 0 2976516 1 1
6 0 2990396 1 2
6 0 2999735 1 1
6 0 3003235 1 2
6 0 3015383 1 2
6 0 3015453 1 1
6 0 3019077 1 1
6 0 3073787 1 1
6 0 3075172 1 2
6 0 3075195 1 1
6 0 3083339 1 1
6 0 3094361 2 1
6 0 3124986 1 1
6 0 3218129 1 1
6 0 3226328 2 1
6 0 3227160 1 1
6 0 3286730 2 1
6 0 3307995 1 1
6 0 3343155 1 2
6 0 3352193 2 1
6 0 3359430 2 2
6 0 3369502 2 2
6 0 3372806 1 1
6 0 3391844 1 1
6 0 3398075 1 1
6 0 3471405 1 1
6 0 3539617 1 1
6 0 3599389 1 1
6 0 3613943 1 1
6 0 3628491 1 1
6 0 3635692 2 1
6 0 3649171 1 2
6 0 3649195 1 2
6 0 3649219 2 1
6 0 3649501 1 1
6 0 3652046 1 2
6 0 3677639 1 1
6 0 3678054 1 1
6 0 3705136 1 1
6 0 3729987 1 1
6 0 3730191 2 1
6 0 3734158 2 1
6 0 3753744 1 1
6 0 3763584 1 1
6 0 3766223 1 1
6 0 3789899 2 1
6 0 3823417 1 1
6 0 3868683 2 1
6 0 3891416 1 1
6 0 3899548 1 1
6 0 3907196 1 1
6 0 3959677 1 1
6 0 3964262 2 1
6 0 3977092 1 2
6 0 3979172 1 1
6 0 4007236 1 1
6 0 4034531 1 1
6 0 4055825 1 1
6 0 4058852 1 1
6 0 4070603 1 1
6 0 4070608 1 1
6 0 4099337 2 1
6 0 4101224 2 2
6 0 4105947 1 1
6 0 4130881 1 1
6 0 4159641 2 1
6 0 4170704 2 1
6 0 4197508 1 1
6 0 4210454 1 1
6 0 4212304 1 1
6 0 4212306 1 1
6 0 4217370 1 1
6 0 4241312 1 1
6 0 4260110 1 1
6 0 4261136 1 1
6 0 4283714 1 2
6 0 4302363 2 1
6 0 4306086 1 2
6 0 4324866 1 2
6 0 4353932 1 1
6 0 4355865 2 1
6 0 4357088 1 2
6 0 4410518 1 1
6 0 4411816 2 1
6 0 4423320 1 1
6 0 4435308 2 1
6 0 4435363 2 1
6 0 4450987 1 1
6 0 4453035 2 1
6 0 4461673 1 1
6 0 4522416 1 1
6 0 4531600 2 1
6 0 4531919 2 1
6 0 4554168 1 2
6 0 4568595 2 1
6 0 4575003 1 1
6 0 4582536 1 2
6 0 4612748 2 1
6 0 4632256 1 2
6 0 4644904 1 1
6 0 4669990 1 1
6 0 4669991 1 1
6 0 4676377 1 1
6 0 4706943 1 1
6 0 4707812 2 1
6 0 4735097 1 1
6 0 4751000 1 1
6 0 4751007 1 2
6 0 4751014 1 1
6 0 4773527 2 2
6 0 4785692 1 1
7 0 1351192 2 1
7 0 1560153 1 2
7 0 2376777 1 1
7 0 2423594 1 1
7 0 2423877 2 1
7 0 2448556 2 2
7 0 2569922 1 1
7 0 2572047 1 1
7 0 2687573 1 1
7 0 2734930 2 1
7 0 2740064 1 1
7 0 2778833 1 1
7 0 2779365 1 2
7 0 2779368 2 2
7 0 2779393 1 2
7 0 2783150 1 1
7 0 2799065 1 1
7 0 2803988 2 1
7 0 2841416 1 1
7 0 2867990 1 1
7 0 2923793 1 1
7 0 2936924 1 1
7 0 2939404 2 1
7 0 2982972 1 1
7 0 2988304 2 1
7 0 3015453 1 1
7 0 3015637 2 1
7 0 3021298 1 1
7 0 3073782 1 1
7 0 3075191 2 1
7 0 3144439 1 2
7 0 3166675 1 1
7 0 3168462 2 1
7 0 3199054 1 1
7 0 3215644 1 1
7 0 3269105 1 1
7 0 3280479 1 1
7 0 3343155 1 1
7 0 3467606 1 2
7 0 3471415 1 1
7 0 3524190 1 1
7 0 3678697 2 1
7 0 3730191 2 1
7 0 3789705 2 1
7 0 3830462 1 1
7 0 3860017 1 1
7 0 3860022 2 1
7 0 3860433 2 2
7 0 3878513 1 1
7 0 3899548 1 1
7 0 3902562 1 2
7 0 3964275 1 1
7 0 3982352 2 1
7 0 3982354 1 1
7 0 4026643 1 1
7 0 4050073 1 2
7 0 4052052 1 1
7 0 4067920 2 1
7 0 4070603 1 1
7 0 4070608 1 1
7 0 4097564 1 1
7 0 4107321 1 1
7 0 4150433 1 2
7 0 4208387 1 1
7 0 4212304 1 1
7 0 4212306 1 1
7 0 4237072 1 1
7 0 4306086 1 1
7 0 4311366 1 2
7 0 4327325 2 1
7 0 4337140 2 2
7 0 4352736 1 1
7 0 4357088 1 2
7 0 4397033 1 1
7 0 4435288 2 2
7 0 4513750 2 2
7 0 4531617 1 1
8 0 1168874 2 1
8 0 1190215 2 1
8 0 1252725 2 1
8 0 1325029 1 1
8 0 1522059 1 1
8 0 153547 1 1
8 0 1555610 1 1
8 0 1784589 1 2
8 0 1784615 1 2
8 0 1784634 2 2
8 0 1794136 1 2
8 0 1838898 2 1
8 0 184457 1 1
8 0 1847805 1 2
8 0 1852683 1 1
8 0 1939858 1 2
8 0 1977721 2 1
8 0 2110886 2 2
8 0 2133578 1 1
8 0 2222165 1 2
8 0 2246062 2 2
8 0 2259311 2 1
8 0 2263061 1 2
8 0 2267812 2 2
8 0 2270810 2 1
8 0 2350138 1 2
8 0 2358951 2 2
8 0 2364329 1 1
8 0 2364668 1 1
8 0 2364669 1 1
8 0 2385144 2 1
8 0 2390581 2 1
8 0 2395266 2 1
8 0 2440389 1 1
8 0 2448231 1 1
8 0 2448477 1 2
8 0 2448643 1 2
8 0 2448755 1 1
8 0 2448778 1 1
8 0 2453103 2 1
8 0 2515635 1 2
8 0 2516569 2 1
8 0 2570808 1 1
8 0 2571050 1 2
8 0 2579302 2 2
8 0 2583986 1 1
8 0 2596110 2 2
8 0 2599446 1 2
8 0 2602738 2 1
8 0 2606826 1 2
8 0 2613584 2 2
8 0 2613586 2 2
8 0 2613587 1 1
8 0 2613589 1 2
8 0 2615040 2 1
8 0 2615365 2 1
8 0 2621128 1 1
8 0 2621138 1 1
8 0 2632987 1 1
8 0 2646781 1 1
8 0 2653463 2 1
8 0 2655724 2 1
8 0 2657150 2 1
8 0 2671126 2 2
8 0 2672220 1 1
8 0 2672245 1 1
8 0 2672256 1 2
8 0 2672258 1 1
8 0 2672279 2 1
8 0 2672301 2 1
8 0 2685809 1 1
8 0 2693808 2 2
8 0 2699725 1 2
8 0 2700443 2 2
8 0 2700584 1 1
8 0 2700664 1 1
8 0 2700675 1 1
8 0 2701178 1 1
8 0 2703251 1 1
8 0 2703261 2 2
8 0 2717463 2 1
8 0 2726526 1 2
8 0 2726540 1 1
8 0 2732146 2 1
8 0 2737786 1 1
8 0 2740226 2 1
8 0 2740253 1 2
8 0 2744681 1 1
8 0 2744702 2 1
8 0 2757016 1 1
8 0 2766385 2 1
8 0 2767137 2 1
8 0 2768194 1 2
8 0 2769395 1 1
8 0 2769401 1 2
8 0 2769482 1 2
8 0 2772006 1 1
8 0 2772253 1 2
8 0 2782204 1 1
8 0 2784387 2 1
8 0 2791734 1 2
8 0 2791738 1 2
8 0 2792735 1 1
8 0 2797382 1 2
8 0 2798987 1 1
8 0 2799642 1 2
8 0 2804582 1 2
8 0 2806394 1 2
8 0 2816301 1 2
8 0 2827049 2 2
8 0 2827491 1 2
8 0 2827521 2 2
8 0 2827523 2 2
8 0 2829597 1 1
8 0 2837179 1 1
8 0 2838910 2 1
8 0 2843727 1 1
8 0 2850861 1 1
8 0 2853556 1 1
8 0 2858844 1 2
8 0 2860446 2 1
8 0 2862151 1 1
8 0 2862516 2 1
8 0 2862666 1 1
8 0 2868861 2 1
8 0 2874368 1 2
8 0 2875419 2 2
8 0 2875525 2 1
8 0 2878351 1 1
8 0 2884340 2 2
8 0 2886001 2 1
8 0 2896860 2 1
8 0 2900052 1 1
8 0 2903515 1 1
8 0 2908674 1 2
8 0 2910885 1 1
8 0 2913953 1 2
8 0 2915976 2 2
8 0 2921813 1 2
8 0 2923178 1 1
8 0 2928362 1 2
8 0 2932866 1 1
8 0 2936313 1 1
8 0 2938501 1 1
8 0 2943705 2 1
8 0 2945636 2 1
8 0 2956727 1 1
8 0 2963121 2 1
8 0 2963125 1 1
8 0 2963920 2 1
8 0 2966589 1 2
8 0 2970786 2 2
8 0 2970797 1 1
8 0 2972296 2 1
8 0 2984286 2 1
8 0 2990891 1 2
8 0 2991281 1 1
8 0 2991647 1 1
8 0 2994123 1 1
8 0 3005638 1 1
8 0 3005645 2 1
8 0 3005749 2 1
8 0 3006050 1 2
8 0 3015663 2 1
8 0 3017683 2 1
8 0 3018580 1 1
8 0 3018959 2 2
8 0 3018974 1 2
8 0 3021866 2 1
8 0 3024344 2 2
8 0 3027455 1 1
8 0 3029371 2 1
8 0 3032190 2 1
8 0 3039221 1 2
8 0 3043098 1 2
8 0 3043757 2 2
8 0 3045099 1 1
8 0 3046828 2 2
8 0 3048009 1 2
8 0 3050775 2 1
8 0 3052713 2 1
8 0 3054634 2 1
8 0 3063206 1 1
8 0 3064039 1 2
8 0 3064596 1 1
8 0 3066409 1 1
8 0 3072178 2 2
8 0 3075530 2 2
8 0 3075814 2 1
8 0 3078095 2 2
8 0 3081498 1 2
8 0 3085221 1 2
8 0 3090992 1 1
8 0 3094683 2 1
8 0 3096610 2 2
8 0 3099610 1 2
8 0 3099618 1 2
8 0 3106392 2 2
8 0 3108653 2 2
8 0 3111156 1 2
8 0 3114322 1 2
8 0 3114347 2 1
8 0 3114724 2 1
8 0 3116681 1 2
8 0 3118064 1 2
8 0 3119963 2 2
8 0 3120181 2 2
8 0 3131115 1 1
8 0 3136066 2 1
8 0 3138092 2 1
8 0 3138479 1 1
8 0 3139186 1 2
8 0 3144771 1 2
8 0 3148552 2 1
8 0 3148597 1 1
8 0 3161209 1 1
8 0 3162708 1 2
8 0 3162717 2 1
8 0 3167143 1 1
8 0 3167972 1 1
8 0 3168770 1 1
8 0 3172643 2 1
8 0 3175218 2 1
8 0 3176209 2 1
8 0 3177732 1 1
8 0 3177735 1 1
8 0 3177908 1 2
8 0 3177926 1 1
8 0 3180936 1 2
8 0 3180943 2 1
8 0 3181779 1 1
8 0 3181964 2 1
8 0 3193777 1 2
8 0 3195536 1 2
8 0 3198645 1 1
8 0 3200149 2 1
8 0 3201693 2 1
8 0 3205536 1 1
8 0 3206356 1 2
8 0 3210086 2 1
8 0 3215545 2 1
8 0 3219001 2 1
8 0 3219015 2 1
8 0 3219306 1 1
8 0 3222264 2 1
8 0 3224469 1 2
8 0 3226616 1 1
8 0 3227383 2 1
8 0 3230093 2 1
8 0 3230134 1 1
8 0 3235891 1 1
8 0 3236149 2 1
8 0 3236407 1 2
8 0 3238402 2 1
8 0 3241204 2 1
8 0 3245265 1 1
8 0 3245499 1 2
8 0 3248865 2 2
8 0 3257674 2 1
8 0 3259493 2 1
8 0 3262143 2 2
8 0 3272661 2 1
8 0 3272870 2 1
8 0 3275120 1 2
8 0 3276950 1 1
8 0 3282288 1 2
8 0 3283062 2 2
8 0 3283078 2 1
8 0 3285531 1 1
8 0 3289784 1 1
8 0 3294394 2 1
8 0 3296145 2 1
8 0 3298213 1 1
8 0 3299165 1 1
8 0 3299229 1 1
8 0 3302717 2 1
8 0 3302764 1 1
8 0 3306902 1 1
8 0 3306951 2 1
8 0 3309456 2 1
8 0 3316462 1 2
8 0 3317697 1 2
8 0 3328752 1 2
8 0 3329089 1 2
8 0 3335484 1 2
8 0 3335556 1 2
8 0 3335596 1 2
8 0 3335608 1 1
8 0 3335727 2 1
8 0 3335813 1 1
8 0 3336240 2 2
8 0 3338222 2 2
8 0 3340966 1 1
8 0 3341448 1 1
8 0 3341450 2 1
8 0 3345112 2 1
8 0 3348033 1 1
8 0 3349605 2 2
8 0 3350044 1 1
8 0 3354841 2 1
8 0 3354931 1 2
8 0 3354932 1 2
8 0 3354995 1 1
8 0 3355001 1 1
8 0 3357198 2 1
8 0 3361784 2 1
8 0 3363530 2 2
8 0 3364630 1 1
8 0 3366228 1 1
8 0 3378123 2 1
8 0 3380126 2 1
8 0 3384898 2 1
8 0 3385360 1 2
8 0 3387584 2 2
8 0 3388689 2 2
8 0 3389406 2 2
8 0 3397676 1 1
8 0 3398080 2 2
8 0 3401259 1 2
8 0 3402314 1 1
8 0 3403873 1 1
8 0 3403882 2 1
8 0 3409520 2 1
8 0 3409922 1 2
8 0 3409923 1 2
8 0 3410157 2 1
8 0 3410685 1 1
8 0 3411456 2 2
8 0 3411676 1 2
8 0 3415106 2 2
8 0 3420487 2 2
8 0 3420498 1 1
8 0 3420708 1 2
8 0 3424659 1 2
8 0 3428413 1 1
8 0 3430912 1 1
8 0 3437102 2 1
8 0 3456478 2 2
8 0 3458880 2 2
8 0 3460024 1 2
8 0 3464619 2 2
8 0 3467236 2 2
8 0 3468768 2 1
8 0 3470081 1 1
8 0 3475637 1 1
8 0 3475895 1 2
8 0 3476910 2 2
8 0 3477709 1 2
8 0 3478543 1 2
8 0 3479233 1 1
8 0 3485486 1 1
8 0 3488330 2 1
8 0 3489837 1 1
8 0 3489854 1 1
8 0 3493829 1 2
8 0 3493833 1 1
8 0 3493842 2 2
8 0 3499152 2 1
8 0 3502786 1 2
8 0 3504343 2 1
8 0 3504539 2 2
8 0 3507614 1 1
8 0 3508114 2 1
8 0 3510936 2 1
8 0 3510957 1 1
8 0 3512623 1 1
8 0 3513828 1 1
8 0 3514205 2 1
8 0 3514247 2 2
8 0 3515943 1 1
8 0 3518295 2 1
8 0 3519599 1 1
8 0 3521122 1 1
8 0 3526500 2 1
8 0 3531481 1 1
8 0 3533948 1 1
8 0 3534526 1 1
8 0 3535796 2 2
8 0 3536049 2 1
8 0 3537269 1 2
8 0 3538628 2 2
8 0 3541550 1 2
8 0 3542889 1 1
8 0 3542891 1 2
8 0 3543221 1 1
8 0 3548075 1 1
8 0 3556415 1 1
8 0 3556762 2 1
8 0 3556918 2 1
8 0 3561386 1 1
8 0 3565202 1 1
8 0 3568875 1 1
8 0 3569973 1 2
8 0 3573078 2 1
8 0 3577505 2 2
8 0 3579041 1 1
8 0 3582420 2 2
8 0 3582425 2 1
8 0 3583672 1 2
8 0 3585705 2 1
8 0 3588181 1 2
8 0 3595671 2 1
8 0 3596679 2 2
8 0 3596750 1 1
8 0 3598174 2 2
8 0 3600218 2 1
8 0 3603018 1 1
8 0 3608938 2 1
8 0 3611086 2 1
8 0 3613752 1 2
8 0 3614763 1 2
8 0 3614797 1 2
8 0 3616759 2 1
8 0 3618061 1 2
8 0 3626556 1 2
8 0 3628456 1 2
8 0 3631818 1 2
8 0 3632172 1 2
8 0 3633328 1 1
8 0 3634172 1 2
8 0 3640235 1 2
8 0 3644500 1 2
8 0 3645684 2 1
8 0 3649700 1 2
8 0 3653528 1 2
8 0 3653538 1 1
8 0 3657078 2 1
8 0 3659876 1 1
8 0 3659883 2 1
8 0 3661466 2 1
8 0 3661848 1 1
8 0 3665256 1 2
8 0 3667286 2 1
8 0 3674006 2 1
8 0 3674680 1 2
8 0 3682234 2 2
8 0 3687642 2 1
8 0 3690831 2 2
8 0 3692029 2 1
8 0 3693122 1 2
8 0 3693663 2 2
8 0 3693668 1 1
8 0 3695670 2 1
8 0 3697146 1 1
8 0 3699412 1 1
8 0 3701921 1 1
8 0 3702068 2 1
8 0 3703132 2 1
8 0 3710227 1 1
8 0 3710610 2 1
8 0 3712881 1 1
8 0 3712942 1 1
8 0 3713581 2 1
8 0 3713586 2 1
8 0 3714066 2 1
8 0 3714509 1 1
8 0 3714830 2 1
8 0 3728865 1 1
8 0 3741701 1 1
8 0 3743353 1 1
8 0 3743357 2 1
8 0 3747917 2 1
8 0 3748663 2 2
8 0 3751385 1 1
8 0 3751791 2 1
8 0 3753733 1 2
8 0 3754936 2 1
8 0 3758842 1 1
8 0 3759690 1 1
8 0 3765855 2 1
8 0 3766204 1 1
8 0 3778607 2 2
8 0 3781531 1 1
8 0 3781533 2 1
8 0 3784143 2 1
8 0 3784865 2 2
8 0 3786973 2 1
8 0 3787028 2 2
8 0 3788158 2 1
8 0 3789904 1 2
8 0 3789917 2 1
8 0 3793435 2 1
8 0 3799716 2 1
8 0 3806430 1 2
8 0 3809300 2 1
8 0 3810741 1 1
8 0 3811799 2 2
8 0 3816914 1 2
8 0 3820631 2 2
8 0 3821232 1 2
8 0 3822306 1 1
8 0 3822737 1 1
8 0 3826525 2 1
8 0 3836113 2 1
8 0 3842274 1 2
8 0 3842695 2 2
8 0 3844599 1 2
8 0 3848518 2 1
8 0 3848715 1 1
8 0 3849150 1 1
8 0 3849865 1 2
8 0 3850005 1 2
8 0 3850113 1 1
8 0 3850502 2 1
8 0 3853160 1 1
8 0 3853879 1 2
8 0 3856144 1 2
8 0 3858698 2 1
8 0 3859211 2 1
8 0 3866090 1 1
8 0 3867373 2 1
8 0 3867862 2 1
8 0 3871037 2 2
8 0 3872700 2 1
8 0 3872880 2 1
8 0 3872881 2 1
8 0 3872882 2 1
8 0 3872885 2 1
8 0 3872889 2 1
8 0 3872892 2 1
8 0 3872896 2 1
8 0 3872902 2 1
8 0 3872907 2 1
8 0 3872909 2 1
8 0 3874333 1 2
8 0 3875609 2 1
8 0 3876300 1 2
8 0 3876669 2 1
8 0 3877949 2 1
8 0 3877995 2 2
8 0 3883204 2 1
8 0 3884170 1 1
8 0 3884537 1 1
8 0 3885222 2 1
8 0 3886087 1 1
8 0 3888670 1 1
8 0 3889322 1 1
8 0 3890401 1 1
8 0 3892570 1 1
8 0 3894714 2 2
8 0 3898207 1 1
8 0 3898248 2 1
8 0 3916582 2 1
8 0 3922305 2 1
8 0 3923437 2 1
8 0 3923567 1 1
8 0 3924004 2 1
8 0 3928878 2 1
8 0 3930028 2 1
8 0 3931387 2 1
8 0 3937174 1 1
8 0 3941352 2 1
8 0 3943445 2 1
8 0 3956867 1 2
8 0 3957521 1 1
8 0 3963199 1 1
8 0 3963307 1 2
8 0 3963313 1 2
8 0 3966448 1 1
8 0 3968599 2 1
8 0 3970253 1 1
8 0 3973169 2 1
8 0 3975316 1 1
8 0 3975318 1 1
8 0 3978404 2 1
8 0 3978666 2 1
8 0 3978932 2 1
8 0 3986742 1 1
8 0 3989779 1 1
8 0 3989942 2 1
8 0 3990370 1 1
8 0 3994933 1 1
8 0 4005152 2 1
8 0 4009561 1 1
8 0 4010029 1 1
8 0 4014912 1 1
8 0 4019273 1 1
8 0 4020538 1 1
8 0 4020724 2 1
8 0 4021202 2 2
8 0 4022358 1 1
8 0 4026053 2 1
8 0 4027092 2 1
8 0 4030125 1 1
8 0 4030466 1 1
8 0 4036081 1 1
8 0 4037575 1 2
8 0 4046592 1 1
8 0 4046608 2 1
8 0 4055099 1 2
8 0 4057620 1 1
8 0 4059335 2 2
8 0 4064773 1 1
8 0 4064777 1 1
8 0 4071634 1 1
8 0 4074943 2 1
8 0 4076647 2 1
8 0 4078139 1 1
8 0 4084360 2 1
8 0 4085289 1 2
8 0 4086000 1 1
8 0 4086020 2 1
8 0 4086731 1 2
8 0 4087234 1 1
8 0 4089555 2 1
8 0 4093448 1 1
8 0 4094861 2 1
8 0 4096731 1 1
8 0 4100140 1 1
8 0 4107688 1 1
8 0 4110985 2 1
8 0 4111892 2 1
8 0 4113203 2 1
8 0 4129843 1 2
8 0 4130712 1 2
8 0 4132254 1 2
8 0 4138907 1 1
8 0 4142466 1 1
8 0 4142543 1 1
8 0 4144077 1 1
8 0 4145388 2 2
8 0 4149461 1 1
8 0 4150142 1 1
8 0 4151650 2 1
8 0 4158140 2 1
8 0 4162961 2 1
8 0 4164149 1 1
8 0 4165945 2 1
8 0 4165953 2 1
8 0 4169854 1 1
8 0 4173582 2 1
8 0 4178173 2 1
8 0 4180894 2 1
8 0 4183768 2 1
8 0 4184539 2 1
8 0 4192303 1 1
8 0 4194749 1 1
8 0 4197247 1 1
8 0 4206354 1 2
8 0 4207202 1 2
8 0 4209073 2 1
8 0 4211690 2 1
8 0 4219900 1 1
8 0 4221522 1 2
8 0 4222685 2 1
8 0 4227445 1 2
8 0 4229789 1 1
8 0 4229792 1 1
8 0 4232006 1 2
8 0 4234228 2 1
8 0 4234994 1 2
8 0 4235503 2 1
8 0 4236923 1 1
8 0 4237121 1 1
8 0 4239142 1 2
8 0 4240338 1 2
8 0 4242601 1 2
8 0 4246136 2 2
8 0 4247150 2 1
8 0 4248158 1 1
8 0 4251280 1 1
8 0 4255967 1 1
8 0 4258242 1 1
8 0 4258244 1 2
8 0 4258315 2 1
8 0 4268837 1 1
8 0 4269648 1 2
8 0 4276081 2 1
8 0 4278807 2 1
8 0 4283855 1 1
8 0 4284992 1 1
8 0 4286757 2 2
8 0 4286859 2 1
8 0 4286908 1 1
8 0 4287196 2 1
8 0 4287470 1 1
8 0 4292667 2 1
8 0 4299743 1 1
8 0 4302593 2 1
8 0 4308584 1 1
8 0 4313585 2 2
8 0 4315664 2 1
8 0 4332755 1 2
8 0 4334054 1 1
8 0 4334074 2 1
8 0 4335660 2 1
8 0 4339940 1 1
8 0 4341229 2 1
8 0 4345750 1 1
8 0 4351431 2 1
8 0 4352458 1 2
8 0 4352732 1 1
8 0 4355117 1 2
8 0 4361953 2 1
8 0 4367055 2 1
8 0 4371177 2 1
8 0 4375701 1 1
8 0 4377761 2 2
8 0 4378596 1 1
8 0 4379344 1 1
8 0 4380381 1 2
8 0 4381376 1 1
8 0 4382206 1 2
8 0 4383519 2 1
8 0 4384342 1 2
8 0 4384383 2 2
8 0 4384852 1 1
8 0 4386092 1 1
8 0 4386805 1 2
8 0 4389308 2 1
8 0 4389334 2 1
8 0 4393898 1 1
8 0 4394912 2 1
8 0 4395083 1 2
8 0 4397033 1 1
8 0 4400552 2 1
8 0 4403912 1 1
8 0 4407043 2 1
8 0 4413367 2 1
8 0 4413392 1 2
8 0 4413546 1 2
8 0 4417573 1 2
8 0 4421247 1 1
8 0 4421620 1 2
8 0 4421659 1 2
8 0 4426147 2 2
8 0 4426157 1 2
8 0 4428177 2 1
8 0 443509 1 1
8 0 4442643 1 2
8 0 4442839 2 1
8 0 4446511 1 1
8 0 4449921 1 1
8 0 4457096 1 1
8 0 4462439 1 2
8 0 4462458 1 2
8 0 4465706 2 2
8 0 4475296 2 1
8 0 4477493 1 1
8 0 4487387 2 1
8 0 4488998 1 2
8 0 4491277 1 1
8 0 4491477 1 2
8 0 4496433 1 1
8 0 4496434 2 1
8 0 4499109 2 1
8 0 4500977 1 1
8 0 4502630 1 1
8 0 4508353 2 1
8 0 4513334 1 1
8 0 4514733 2 2
8 0 4515239 1 2
8 0 4515284 2 1
8 0 4518152 2 2
8 0 4521479 2 2
8 0 4522577 1 1
8 0 4525754 2 2
8 0 4528901 1 2
8 0 4529265 1 1
8 0 4534424 2 1
8 0 4540039 1 1
8 0 4547135 2 1
8 0 4549487 1 2
8 0 4553975 1 1
8 0 4566352 2 2
8 0 4569379 1 1
8 0 4570165 1 1
8 0 4575290 1 2
8 0 4575750 2 1
8 0 4578500 1 2
8 0 4580314 1 2
8 0 4581011 2 1
8 0 4582517 2 2
8 0 4584104 1 2
8 0 4600155 2 1
8 0 4601179 1 2
8 0 4602529 2 1
8 0 4606387 1 1
8 0 4606445 1 1
8 0 4607293 2 1
8 0 4609317 1 2
8 0 4612476 1 1
8 0 4616424 1 1
8 0 4623238 1 1
8 0 4624796 1 2
8 0 4627548 1 1
8 0 4634240 2 1
8 0 4634540 2 1
8 0 4634581 1 1
8 0 4641236 2 1
8 0 4649576 2 1
8 0 4649720 2 1
8 0 4650806 2 1
8 0 4651641 2 1
8 0 4652726 2 1
8 0 4653859 1 1
8 0 4654878 1 1
8 0 4661477 2 1
8 0 4662712 2 1
8 0 4664130 1 2
8 0 4665611 2 2
8 0 4667560 1 1
8 0 4671387 2 1
8 0 4673799 1 2
8 0 4677021 1 2
8 0 4678060 2 1
8 0 4678538 1 1
8 0 4691519 2 1
8 0 4691631 1 1
8 0 4691977 1 1
8 0 4693707 1 1
8 0 4697073 2 1
8 0 4700169 1 1
8 0 4701016 1 1
8 0 4706881 1 1
8 0 4711053 1 2
8 0 4715853 2 1
8 0 4716281 1 1
8 0 4717624 2 1
8 0 4722156 1 1
8 0 4722161 1 1
8 0 4728751 1 1
8 0 4729730 1 1
8 0 4735263 2 1
8 0 4736534 1 1
8 0 4737626 1 1
8 0 4737630 2 1
8 0 4739387 2 1
8 0 4743379 1 2
8 0 4743382 2 1
8 0 4743392 2 2
8 0 4743745 2 2
8 0 4744301 1 2
8 0 4744305 2 1
8 0 4746066 1 1
8 0 4748519 2 2
8 0 4750569 1 1
8 0 4751677 1 1
8 0 4755698 1 1
8 0 4757694 2 2
8 0 4765089 1 2
8 0 4766327 2 1
8 0 4767119 1 1
8 0 4769064 1 1
8 0 4771880 1 1
8 0 4776256 2 1
8 0 4776369 2 1
8 0 4782290 2 1
8 0 4782684 1 1
8 0 4782886 1 1
8 0 4783561 1 1
8 0 4786754 2 1
8 0 4798618 2 1
8 0 4804527 1 1
9 0 1090616 1 1
9 0 1175912 1 1
9 0 137332 2 2
9 0 155536 1 1
9 0 1637094 1 1
9 0 1679810 1 1
9 0 2151900 2 1
9 0 2364676 2 1
9 0 2627448 2 2
9 0 2629012 1 2
9 0 2645689 1 2
9 0 2678850 1 2
9 0 2695820 2 1
9 0 2700481 1 1
9 0 2714572 1 2
9 0 2719190 2 1
9 0 2729956 1 1
9 0 2747409 1 2
9 0 2783059 2 2
9 0 2821304 2 2
9 0 2821761 1 1
9 0 2939531 1 1
9 0 2963743 2 1
9 0 2984474 1 2
9 0 2994134 2 2
9 0 3022137 1 2
9 0 3035646 1 1
9 0 3047006 1 1
9 0 3092109 2 1
9 0 3097543 1 2
9 0 3118322 1 1
9 0 3189570 2 1
9 0 3195797 1 2
9 0 3219343 2 1
9 0 3221128 1 1
9 0 3228330 1 2
9 0 3232599 1 2
9 0 3250601 1 1
9 0 3259383 1 1
9 0 3272815 1 2
9 0 3284653 2 1
9 0 3299161 2 2
9 0 3357602 2 1
9 0 3390060 1 1
9 0 3402477 2 2
9 0 3424783 1 1
9 0 3437305 1 2
9 0 3446120 1 2
9 0 3492090 1 2
9 0 3522086 1 1
9 0 3530762 2 1
9 0 3551508 1 1
9 0 3583117 2 2
9 0 3599298 1 2
9 0 3606792 1 1
9 0 3627450 1 2
9 0 3653548 1 2
9 0 3659282 2 1
9 0 3663314 1 1
9 0 3672599 1 1
9 0 3674645 1 2
9 0 3698890 1 2
9 0 3699159 1 1
9 0 3717013 1 1
9 0 3733430 2 1
9 0 3750688 1 2
9 0 3814928 2 2
9 0 3820530 1 2
9 0 3851818 1 1
9 0 3864198 1 1
9 0 3867385 2 2
9 0 3886230 1 1
9 0 3895677 1 1
9 0 3916371 1 2
9 0 3981313 1 1
9 0 4006510 1 1
9 0 4031878 1 2
9 0 4035488 1 2
9 0 4056633 2 2
9 0 4057210 1 1
9 0 4064773 1 2
9 0 4078183 1 1
9 0 4098927 1 1
9 0 4110629 2 2
9 0 4126253 1 1
9 0 4126544 2 1
9 0 4129206 1 1
9 0 4173424 2 2
9 0 4177255 1 1
9 0 4236682 1 2
9 0 4251205 1 1
9 0 4268833 1 2
9 0 4306255 1 1
9 0 4331417 2 1
9 0 4370408 1 1
9 0 4378672 2 1
9 0 4391753 1 1
9 0 4408998 1 2
9 0 4414744 1 2
9 0 4429387 1 2
9 0 4505980 1 2
9 0 4511255 1 2
9 0 4518344 2 2
9 0 4520502 1 2
9 0 4541417 1 2
9 0 4567069 1 1
9 0 4570464 1 1
9 0 4574463 2 1
9 0 4575793 2 1
9 0 4592122 1 2
9 0 4602774 1 2
9 0 4608165 1 1
9 0 4616337 1 2
9 0 4620001 1 2
9 0 4639621 1 1
9 0 4641063 1 2
9 0 4695684 1 2
9 0 4712057 1 1
9 0 4734873 1 1
9 0 4766331 2 2
9 0 4779868 1 2
9 0 4782461 2 1
9 0 4783559 1 1
10 0 2169207 1 2
10 0 2575200 1 2
10 0 2662872 1 2
10 0 2724191 1 2
10 0 3003225 1 2
10 0 3014744 1 2
10 0 3170767 1 2
10 0 3177461 1 2
10 0 3395145 1 2
10 0 3500018 1 2
10 0 3524698 1 2
10 0 3534214 1 2
10 0 3555577 1 2
10 0 3632499 1 2
10 0 4137722 1 2
10 0 4191271 1 2
10 0 4493310 1 2
10 0 4521279 1 2
10 0 4687726 1 2
11 0 1173130 1 2
11 0 1402267 2 1
11 0 1440301 1 1
11 0 1450314 2 1
11 0 1544353 1 1
11 0 1635695 2 1
11 0 1808079 1 2
11 0 1868024 2 1
11 0 1892007 2 1
11 0 1894797 1 2
11 0 1913172 1 1
11 0 1940296 1 1
11 0 1993977 2 1
11 0 1994021 1 1
11 0 2136380 2 1
11 0 2151063 1 2
11 0 2234421 2 1
11 0 2253520 1 1
11 0 2275746 1 2
11 0 2315652 1 1
11 0 2329859 1 1
11 0 2363132 1 1
11 0 2416450 1 2
11 0 2448587 2 2
11 0 2467420 2 1
11 0 2491619 2 1
11 0 2503962 2 1
11 0 2516433 1 1
11 0 2516438 2 1
11 0 2597754 2 2
11 0 2602741 1 1
11 0 2634764 2 1
11 0 2643012 1 1
11 0 2646693 1 2
11 0 2649873 2 1
11 0 2653043 1 2
11 0 2657246 1 2
11 0 2660281 1 1
11 0 2666460 1 1
11 0 2667170 2 2
11 0 2672072 2 1
11 0 2683811 2 1
11 0 2687754 2 1
11 0 2688349 2 2
11 0 2694324 1 1
11 0 2704169 1 1
11 0 2705705 1 1
11 0 2710446 2 1
11 0 2711952 1 2
11 0 2720379 2 1
11 0 2722695 1 1
11 0 2729217 1 1
11 0 2739155 2 2
11 0 2758876 2 1
11 0 2762967 1 1
11 0 2771816 1 1
11 0 2774488 1 1
11 0 2780824 1 2
11 0 2785867 1 2
11 0 2790183 1 1
11 0 2796397 2 1
11 0 2796644 1 2
11 0 2799444 1 1
11 0 2801465 1 1
11 0 2801475 1 1
11 0 2810437 2 1
11 0 2827084 2 1
11 0 2827087 1 1
11 0 2842890 2 1
11 0 2844590 1 1
11 0 2845797 2 2
11 0 2872863 2 1
11 0 2879291 1 2
11 0 2880688 1 2
11 0 2881067 1 1
11 0 2884342 2 1
11 0 2890860 1 2
11 0 2895230 1 1
11 0 2907571 1 1
11 0 2922325 1 2
11 0 2939394 1 1
11 0 2941786 2 2
11 0 2941787 1 2
11 0 2943077 2 1
11 0 2963161 2 2
11 0 2967694 1 1
11 0 2987924 1 2
11 0 2993045 2 1
11 0 3000916 2 2
11 0 3011307 2 1
11 0 3053558 1 1
11 0 3078282 1 1
11 0 3093002 1 2
11 0 3098414 1 1
11 0 3098417 1 1
11 0 3099091 2 1
11 0 3106818 1 1
11 0 3125218 2 1
11 0 3129297 1 2
11 0 3129974 2 2
11 0 3131711 1 2
11 0 3134683 2 1
11 0 3163517 2 2
11 0 3166193 1 2
11 0 3170976 1 2
11 0 3184675 2 1
11 0 3186737 1 2
11 0 3190522 2 1
11 0 3205748 2 2
11 0 3214376 1 2
11 0 3214809 1 1
11 0 3219693 1 2
11 0 3222073 2 1
11 0 3224392 1 1
11 0 3229789 1 2
11 0 3237271 1 1
11 0 3242023 2 2
11 0 3252886 2 1
11 0 3253400 2 2
11 0 3257461 2 1
11 0 3258683 1 1
11 0 3258729 1 2
11 0 3258783 1 2
11 0 3261086 2 1
11 0 3264989 2 1
11 0 3265001 1 1
11 0 3273722 2 2
11 0 3281341 1 1
11 0 3283784 2 1
11 0 3286725 1 1
11 0 3302718 2 1
11 0 3310218 1 1
11 0 3312327 2 1
11 0 3341424 2 1
11 0 3356868 2 1
11 0 3360867 1 1
11 0 3367301 1 1
11 0 3377034 2 1
11 0 3385193 1 1
11 0 3391179 1 1
11 0 3394105 2 1
11 0 3395139 1 1
11 0 3399890 1 1
11 0 3406277 2 2
11 0 3409398 1 1
11 0 3411505 2 2
11 0 3413083 1 1
11 0 3413831 1 1
11 0 3444903 1 1
11 0 3466866 1 2
11 0 3466871 2 2
11 0 3466891 1 2
11 0 3466893 1 1
11 0 3466900 1 1
11 0 3467167 1 1
11 0 3469356 1 2
11 0 3470023 1 1
11 0 3474963 2 1
11 0 3489682 2 1
11 0 3493811 2 1
11 0 3495225 2 1
11 0 3505958 1 1
11 0 3514348 1 1
11 0 3525639 1 1
11 0 3537650 2 1
11 0 3539102 1 1
11 0 3539602 2 1
11 0 3558714 2 1
11 0 3563437 2 1
11 0 3563555 1 1
11 0 3573173 1 1
11 0 3587671 1 1
11 0 3591548 2 1
11 0 3603229 2 1
11 0 3614767 1 1
11 0 3619549 1 2
11 0 3622626 1 1
11 0 3628368 1 1
11 0 3629249 1 1
11 0 3644407 2 1
11 0 3649801 1 1
11 0 3654168 1 1
11 0 3674017 2 1
11 0 3698067 1 1
11 0 3698787 2 1
11 0 3702719 1 1
11 0 3717425 2 1
11 0 3721372 2 1
11 0 3721828 2 1
11 0 3730748 1 1
11 0 3736383 2 1
11 0 3747464 1 1
11 0 3752881 1 1
11 0 3753257 1 1
11 0 3756157 1 1
11 0 3760668 1 1
11 0 3766263 1 1
11 0 3772772 1 1
11 0 3785054 1 1
11 0 3796693 1 1
11 0 3809224 1 2
11 0 3810263 2 1
11 0 3817007 2 1
11 0 3820704 1 1
11 0 3828817 1 1
11 0 3835571 2 1
11 0 3844756 1 1
11 0 3853238 1 1
11 0 3868694 2 1
11 0 3874375 2 2
11 0 3884863 1 1
11 0 3915955 1 1
11 0 3915969 2 1
11 0 3915974 2 1
11 0 3915995 2 1
11 0 3916001 1 1
11 0 3922183 1 2
11 0 3927117 2 1
11 0 3932380 2 1
11 0 3932785 1 2
11 0 3947822 2 1
11 0 3948513 1 1
11 0 3964438 1 2
11 0 3965475 2 1
11 0 3965868 2 2
11 0 3968285 1 1
11 0 3968590 2 1
11 0 3974105 2 2
11 0 3977134 1 2
11 0 3977554 2 1
11 0 3981534 2 1
11 0 3981980 1 2
11 0 3984133 1 2
11 0 3987928 2 1
11 0 3992729 1 2
11 0 3995582 1 1
11 0 3998154 1 1
11 0 4005623 1 2
11 0 4008271 1 1
11 0 4008346 2 1
11 0 4015174 2 1
11 0 4020445 2 1
11 0 4021288 2 2
11 0 4021414 1 1
11 0 4022794 2 1
11 0 4025448 1 1
11 0 4032314 2 2
11 0 4043791 2 1
11 0 4045726 2 1
11 0 4048533 1 2
11 0 4055647 2 1
11 0 4059223 2 2
11 0 4067836 1 1
11 0 4071656 1 2
11 0 4077852 1 2
11 0 4078092 1 1
11 0 4091510 1 1
11 0 4107246 1 1
11 0 4112453 1 1
11 0 4124553 1 1
11 0 4128723 1 2
11 0 4156962 2 2
11 0 4157472 2 1
11 0 4164795 1 2
11 0 4166862 1 2
11 0 4167457 2 1
11 0 4175894 1 1
11 0 4176741 1 1
11 0 4178511 1 2
11 0 4184749 1 1
11 0 4185157 1 2
11 0 4195928 1 2
11 0 4197277 2 1
11 0 4200026 2 1
11 0 4207109 1 1
11 0 4208586 1 1
11 0 4218701 1 2
11 0 4226211 1 1
11 0 4236798 2 1
11 0 4238423 1 1
11 0 4243469 1 1
11 0 4252309 2 2
11 0 4252316 1 1
11 0 4252318 2 1
11 0 4253762 1 1
11 0 4269206 2 2
11 0 4271435 2 1
11 0 4274152 2 2
11 0 4277789 1 2
11 0 4278232 2 1
11 0 4290742 1 1
11 0 4290748 1 1
11 0 4291317 1 2
11 0 4295862 1 2
11 0 4299408 1 1
11 0 4301233 2 1
11 0 4306554 1 1
11 0 4308460 1 1
11 0 4310976 2 1
11 0 4315475 1 1
11 0 4322478 2 1
11 0 4323776 1 2
11 0 4345862 1 2
11 0 4347263 1 2
11 0 4350187 1 2
11 0 4376266 1 2
11 0 4384871 1 1
11 0 4387607 1 2
11 0 4389428 1 1
11 0 4389462 1 1
11 0 4409769 1 2
11 0 4411459 2 1
11 0 4413552 1 1
11 0 4430913 1 2
11 0 4431985 1 2
11 0 4460136 1 2
11 0 4460167 2 2
11 0 4485338 2 2
11 0 4503345 2 2
11 0 4521098 1 2
11 0 4521937 1 2
11 0 4529720 1 1
11 0 4532077 1 2
11 0 4548722 1 2
11 0 4554352 1 2
11 0 4560883 2 1
11 0 4574573 1 2
11 0 4585439 2 1
11 0 4592169 1 2
11 0 4605952 1 1
11 0 4612484 1 1
11 0 4616783 1 1
11 0 4620808 2 1
11 0 4631733 2 1
11 0 4631743 1 1
11 0 4632996 1 1
11 0 4645697 1 2
11 0 4645935 2 2
11 0 4656238 1 2
11 0 4671452 1 2
11 0 4673761 1 1
11 0 4675552 1 1
11 0 4676440 2 1
11 0 4679801 2 1
11 0 4679985 1 1
11 0 4683856 2 1
11 0 4706245 2 1
11 0 4716452 2 1
11 0 4721048 1 2
11 0 4737100 2 1
11 0 4740530 1 2
11 0 4746803 2 2
11 0 4752697 1 2
11 0 4753014 1 2
11 0 4756468 2 2
11 0 4761002 1 2
11 0 4766230 2 1
11 0 4769740 1 1
11 0 4775797 1 2
11 0 4779033 1 1
11 0 509284 1 1
11 0 56204 2 1
11 0 56205 2 1
11 0 56207 1 1
11 0 59588 2 2
11 0 59605 1 1
11 0 59630 2 1
12 0 137249 1 2
12 0 1459158 2 1
12 0 1540410 1 2
12 0 1796545 1 2
12 0 1914302 1 2
12 0 2202780 1 2
12 0 2253541 2 2
12 0 2329636 1 1
12 0 2526400 1 2
12 0 2553050 1 2
12 0 2592729 2 2
12 0 2627451 2 2
12 0 2657336 2 1
12 0 2667410 1 1
12 0 2672246 1 2
12 0 2672248 1 2
12 0 2686849 1 1
12 0 2700073 1 1
12 0 2700561 1 2
12 0 2740038 1 2
12 0 2740128 1 2
12 0 2740283 1 1
12 0 2749011 1 2
12 0 2769304 2 2
12 0 2784351 1 1
12 0 2835690 1 1
12 0 2857831 2 1
12 0 2884450 1 2
12 0 2914738 1 2
12 0 2989526 1 2
12 0 3026928 1 2
12 0 3087728 2 2
12 0 3150839 1 1
12 0 3159366 2 2
12 0 3161841 1 1
12 0 3168363 1 2
12 0 3170179 1 2
12 0 3177586 1 2
12 0 3195099 1 2
12 0 3232363 2 2
12 0 3236292 2 2
12 0 3249279 1 2
12 0 3259405 1 2
12 0 3263000 1 2
12 0 3291702 1 1
12 0 3318880 1 1
12 0 3389865 2 2
12 0 3423694 2 2
12 0 3423734 2 1
12 0 3427963 2 1
12 0 3443276 1 2
12 0 3500009 1 1
12 0 3550420 1 1
12 0 3591047 1 1
12 0 3609955 2 2
12 0 3658250 1 1
12 0 3675247 1 2
12 0 3698899 2 2
12 0 3711735 1 2
12 0 3717289 1 2
12 0 3809434 1 1
12 0 3841531 1 2
12 0 3860030 2 2
12 0 3861471 1 1
12 0 3866778 1 2
12 0 3888687 2 1
12 0 3929987 2 1
12 0 3943460 1 2
12 0 3970452 1 2
12 0 3979790 1 1
12 0 3985204 1 2
12 0 3996315 2 2
12 0 4010058 1 2
12 0 4010064 2 2
12 0 4035495 1 2
12 0 4035649 1 2
12 0 4045362 1 2
12 0 4080476 2 2
12 0 4085233 1 1
12 0 4098887 2 2
12 0 4152761 1 2
12 0 4175749 1 2
12 0 4199298 2 2
12 0 4276255 2 2
12 0 4303734 1 2
12 0 4303735 1 2
12 0 4304890 2 2
12 0 4307970 1 1
12 0 4310083 2 2
12 0 4310154 1 2
12 0 4336128 2 1
12 0 4370353 2 1
12 0 4376814 1 1
12 0 4387799 1 2
12 0 4421889 2 2
12 0 4489052 2 2
12 0 4511249 1 1
12 0 4558818 2 2
12 0 4564744 1 2
12 0 4584444 1 2
12 0 4595216 1 2
12 0 4625736 1 1
12 0 4628356 1 1
12 0 4674590 1 2
12 0 4683790 1 2
12 0 4722520 2 2
12 0 4732242 1 2
12 0 4744607 2 2
12 0 4750285 1 2
12 0 4766329 1 2
12 0 4774167 2 2
13 0 1065005 1 1
13 0 1065033 1 1
13 0 1175870 1 1
13 0 1291370 1 1
13 0 1420306 2 1
13 0 1459852 1 1
13 0 1522064 1 1
13 0 1525175 1 1
13 0 1526422 1 1
13 0 1550792 1 2
13 0 1550828 1 1
13 0 1563448 1 1
13 0 1779801 1 1
13 0 2096525 1 1
13 0 2125055 2 1
13 0 2137712 2 1
13 0 2245931 1 1
13 0 2263051 2 2
13 0 2374593 2 2
13 0 2391269 2 2
13 0 2396465 2 1
13 0 2448735 2 1
13 0 2481444 1 2
13 0 2546471 2 1
13 0 2568079 1 1
13 0 2601208 1 2
13 0 2687910 1 1
13 0 2688477 1 1
13 0 2691645 1 2
13 0 2691928 1 2
13 0 2695414 2 2
13 0 2703261 1 1
13 0 2780638 1 1
13 0 2797493 1 1
13 0 2798056 2 1
13 0 2798987 1 1
13 0 2799006 1 2
13 0 2799007 1 2
13 0 2799969 2 1
13 0 2806879 1 1
13 0 2811971 1 1
13 0 2813133 2 1
13 0 2840376 2 1
13 0 2840559 2 1
13 0 2840896 1 1
13 0 2843712 1 1
13 0 2887164 2 2
13 0 2889009 1 1
13 0 2903707 1 1
13 0 2910376 1 1
13 0 2911740 1 1
13 0 2945121 2 1
13 0 2955665 1 2
13 0 3047834 1 2
13 0 3049134 1 1
13 0 3050437 1 1
13 0 3052616 2 1
13 0 3065056 2 1
13 0 3111358 2 1
13 0 3133547 2 1
13 0 3146227 2 1
13 0 3180153 1 2
13 0 3180517 1 1
13 0 3184624 1 1
13 0 3220001 2 1
13 0 3227382 2 1
13 0 3252667 1 1
13 0 3253421 1 1
13 0 3263273 1 1
13 0 3271840 1 1
13 0 3276828 2 2
13 0 3301079 2 1
13 0 3309388 1 1
13 0 3310784 1 2
13 0 3352103 1 2
13 0 3363754 1 2
13 0 3383135 2 1
13 0 3383306 2 1
13 0 3384988 2 1
13 0 3409617 1 2
13 0 3469354 1 1
13 0 3495374 1 2
13 0 3495385 1 2
13 0 3495490 2 1
13 0 3502814 1 1
13 0 3511196 1 1
13 0 3515926 1 1
13 0 3533804 1 2
13 0 3538673 1 1
13 0 3556869 1 1
13 0 3558844 1 2
13 0 3558853 1 1
13 0 3574457 1 2
13 0 3595707 1 1
13 0 3649706 2 1
13 0 3673822 1 2
13 0 3680901 1 1
13 0 3682283 1 2
13 0 3743891 1 1
13 0 3765692 2 2
13 0 3779311 1 2
13 0 3790029 2 2
13 0 3829090 2 1
13 0 3843550 2 1
13 0 3844363 2 1
13 0 3855164 2 2
13 0 3856522 1 2
13 0 3920038 2 1
13 0 3958525 1 1
13 0 3986749 1 1
13 0 3997918 1 1
13 0 4061318 1 2
13 0 4075116 1 2
13 0 4082203 2 1
13 0 4082224 1 1
13 0 4082235 1 1
13 0 4082236 1 2
13 0 4104322 2 1
13 0 420021 2 1
13 0 4256916 1 1
13 0 4277650 1 2
13 0 4277653 2 2
13 0 4286984 1 1
13 0 4292106 1 2
13 0 4304151 2 1
13 0 4307725 1 1
13 0 4311105 2 1
13 0 4340341 1 2
13 0 4341250 1 1
13 0 4345234 1 1
13 0 4351900 2 1
13 0 4398234 2 1
13 0 4413488 1 1
13 0 4414243 2 1
13 0 4428250 2 2
13 0 4441478 2 1
13 0 4489786 1 2
13 0 4522149 1 1
13 0 4534981 1 1
13 0 4551477 1 2
13 0 4553955 2 1
13 0 4559554 1 1
13 0 4587802 2 1
13 0 4590418 2 1
13 0 4620149 1 2
13 0 4636256 2 1
13 0 4703194 2 2
13 0 4720774 1 1
13 0 4754518 2 1
13 0 4783087 1 1
13 0 4804610 1 2
13 0 522827 1 1
14 0 1088935 1 1
14 0 1112595 1 2
14 0 1277005 1 1
14 0 130028 1 1
14 0 1431519 2 1
14 0 1481583 1 2
14 0 1524788 2 1
14 0 1578567 1 1
14 0 1824744 1 1
14 0 1852903 1 1
14 0 1871600 2 1
14 0 1995609 2 1
14 0 2108330 2 1
14 0 2245934 1 1
14 0 2323612 2 1
14 0 2362174 2 1
14 0 2362239 1 1
14 0 2515635 1 1
14 0 2640343 1 1
14 0 2650997 1 1
14 0 2687595 1 1
14 0 2687699 1 1
14 0 2692112 1 1
14 0 2692115 1 2
14 0 2695195 1 1
14 0 2699821 1 2
14 0 2699953 2 2
14 0 2700439 2 1
14 0 2707150 1 2
14 0 2714412 1 2
14 0 2722696 1 2
14 0 2732098 1 1
14 0 2732534 1 1
14 0 2741488 1 1
14 0 2770827 1 1
14 0 2795196 1 1
14 0 2798987 1 1
14 0 2803937 2 1
14 0 2804000 1 1
14 0 2846152 1 1
14 0 2883541 2 1
14 0 2919449 1 1
14 0 2949819 1 1
14 0 2962302 2 1
14 0 2987943 2 1
14 0 2988175 2 1
14 0 2995982 1 1
14 0 3035198 2 1
14 0 3119105 1 1
14 0 3148995 1 1
14 0 3159061 2 1
14 0 3170646 1 1
14 0 3186744 2 1
14 0 3186746 1 1
14 0 3195784 1 1
14 0 3219759 1 1
14 0 3223529 1 2
14 0 3229853 1 1
14 0 3266210 1 1
14 0 3282915 2 1
14 0 3299191 2 1
14 0 3336228 1 1
14 0 3356273 2 1
14 0 3359241 1 1
14 0 3372546 2 1
14 0 3379868 1 1
14 0 3389947 1 1
14 0 3431111 1 1
14 0 3463040 2 1
14 0 3481419 1 1
14 0 3494574 2 1
14 0 3522360 1 1
14 0 3568001 1 1
14 0 3593559 2 1
14 0 3597559 1 1
14 0 3609679 1 1
14 0 3614773 1 1
14 0 3639712 1 2
14 0 3657849 1 1
14 0 3673831 1 1
14 0 3674684 1 2
14 0 3701496 1 1
14 0 3706282 1 1
14 0 3711847 1 1
14 0 3750926 1 1
14 0 3767271 1 2
14 0 3775210 1 1
14 0 3805475 1 1
14 0 3884115 1 1
14 0 3920447 1 1
14 0 3932389 1 1
14 0 3933506 2 1
14 0 3948575 1 1
14 0 3996170 2 1
14 0 4019782 1 1
14 0 4083727 1 1
14 0 4096458 1 1
14 0 4124684 1 1
14 0 4129429 1 1
14 0 4144315 1 1
14 0 4148341 1 2
14 0 4154888 1 1
14 0 4179574 2 1
14 0 4197495 2 1
14 0 4199860 1 1
14 0 4235715 1 1
14 0 4272454 1 2
14 0 4331823 2 1
14 0 4375738 1 2
14 0 4385170 1 1
14 0 4403815 1 1
14 0 4438901 1 1
14 0 4518345 1 1
14 0 4518521 2 1
14 0 4592933 1 1
14 0 4607768 1 2
14 0 4620770 2 1
14 0 4746118 2 1
14 0 4773995 2 1
14 0 4779352 1 1
15 0 1196471 1 2
15 0 1434585 2 2
15 0 1470043 1 2
15 0 2072091 1 2
15 0 2362470 2 2
15 0 2362544 2 2
15 0 2362614 2 2
15 0 2362831 2 2
15 0 2576302 1 2
15 0 2783092 1 2
15 0 2792082 1 2
15 0 2804720 2 2
15 0 2930659 1 2
15 0 3120041 2 2
15 0 3130190 2 2
15 0 3161686 1 2
15 0 3196980 2 2
15 0 3227341 1 1
15 0 3276027 1 2
15 0 3277036 2 2
15 0 3430489 1 2
15 0 3435118 1 2
15 0 3519028 1 2
15 0 3555358 1 1
15 0 3555401 1 2
15 0 3569549 2 2
15 0 3573552 1 2
15 0 3575551 2 2
15 0 3582044 2 2
15 0 3583529 2 2
15 0 3583547 2 2
15 0 3596143 2 2
15 0 3597593 2 2
15 0 3600207 1 2
15 0 3620928 1 2
15 0 3635626 2 2
15 0 3685338 2 2
15 0 3763161 2 2
15 0 3787306 1 2
15 0 3808350 1 2
15 0 3830191 1 2
15 0 3841296 1 2
15 0 3879007 1 2
15 0 3892522 1 2
15 0 3900443 2 2
15 0 3920429 1 2
15 0 3992099 1 2
15 0 4062211 2 2
15 0 4062245 1 2
15 0 4075626 1 2
15 0 4075821 1 2
15 0 4094958 1 2
15 0 4153235 1 2
15 0 4170137 1 2
15 0 4276948 1 2
15 0 4280210 1 2
15 0 4289066 1 2
15 0 4325200 1 2
15 0 4331832 1 2
15 0 4332024 1 2
15 0 4419439 1 2
15 0 4448629 2 1
15 0 4454540 2 1
15 0 4526230 1 2
15 0 4541763 1 2
15 0 4602019 2 2
15 0 4616788 1 2
15 0 4618631 2 2
15 0 4620327 1 2
15 0 4632922 2 2
15 0 4636346 1 2
15 0 4687205 2 2
15 0 4689054 1 2
15 0 4693380 1 2
15 0 4718127 2 2
15 0 4752623 1 2
15 0 4778990 1 2
16 0 1079887 1 1
16 0 1097737 2 2
16 0 1236932 2 1
16 0 1236946 2 1
16 0 1310941 2 1
16 0 1351204 1 1
16 0 1352361 1 1
16 0 1379645 1 1
16 0 1448697 1 2
16 0 1468404 1 2
16 0 1479826 2 1
16 0 1543655 2 2
16 0 1774568 2 1
16 0 1852304 1 1
16 0 1906781 2 1
16 0 2213647 2 1
16 0 2278152 1 2
16 0 2311308 2 2
16 0 2440925 1 1
16 0 2503965 2 2
16 0 2531170 2 1
16 0 2636761 1 2
16 0 2639597 2 2
16 0 2686333 1 1
16 0 2686422 1 2
16 0 2686896 1 2
16 0 2686929 2 2
16 0 2686941 2 2
16 0 2687873 2 2
16 0 2693861 1 1
16 0 2694622 1 1
16 0 2700224 2 1
16 0 2707361 2 2
16 0 2714497 1 2
16 0 2730281 1 1
16 0 2747454 1 2
16 0 2750140 2 1
16 0 2771988 2 2
16 0 2772256 1 1
16 0 2772257 1 1
16 0 2791733 1 2
16 0 2798987 1 2
16 0 2799006 1 2
16 0 2803948 1 2
16 0 2848682 2 1
16 0 2851293 1 2
16 0 2854938 2 1
16 0 2855950 1 1
16 0 2881091 2 2
16 0 2892771 1 1
16 0 2904744 1 2
16 0 2914004 2 2
16 0 2966446 1 2
16 0 2994112 2 2
16 0 2994114 2 2
16 0 3024526 1 2
16 0 3054217 1 1
16 0 3056326 1 2
16 0 3060997 1 1
16 0 3063409 1 2
16 0 3068934 1 2
16 0 3088377 1 2
16 0 3088380 2 2
16 0 3096434 1 1
16 0 3109421 2 2
16 0 3111353 2 2
16 0 3141399 1 1
16 0 3152174 2 2
16 0 3161841 1 1
16 0 3168814 1 2
16 0 3175219 1 2
16 0 3177915 1 1
16 0 3180463 1 2
16 0 3189474 1 2
16 0 3268758 1 2
16 0 3302020 2 2
16 0 3309387 1 1
16 0 3310633 1 1
16 0 3321650 2 2
16 0 3347041 2 1
16 0 3359167 1 1
16 0 3383153 2 1
16 0 3394108 2 2
16 0 3399402 1 2
16 0 3424794 2 2
16 0 3432396 2 2
16 0 3464148 1 1
16 0 3468115 2 2
16 0 3473978 2 1
16 0 3482777 1 2
16 0 3505566 1 2
16 0 3542890 2 1
16 0 3571939 2 2
16 0 3583105 1 1
16 0 3610455 2 1
16 0 3641437 1 2
16 0 3686064 1 1
16 0 3697209 1 2
16 0 3700825 1 1
16 0 3720260 1 2
16 0 3728812 2 1
16 0 3734736 1 2
16 0 3738323 1 2
16 0 3748420 2 1
16 0 3750396 1 1
16 0 3760181 2 2
16 0 3769086 1 2
16 0 3788301 1 1
16 0 3829221 2 1
16 0 3841589 2 2
16 0 3841590 2 1
16 0 3841601 2 1
16 0 3841617 2 2
16 0 3850536 2 2
16 0 3859000 2 2
16 0 3913122 1 2
16 0 3979443 1 2
16 0 3985033 1 2
16 0 3992766 1 1
16 0 4006625 1 2
16 0 4021376 2 1
16 0 4027690 1 1
16 0 4058170 1 1
16 0 4060266 2 1
16 0 4107535 1 1
16 0 4107603 1 1
16 0 4145983 1 2
16 0 4158045 2 1
16 0 4164290 2 2
16 0 4168242 2 1
16 0 4173228 1 2
16 0 4173985 1 2
16 0 4176400 1 1
16 0 4195275 1 2
16 0 4196524 1 2
16 0 4197513 1 1
16 0 4199078 2 1
16 0 4200598 1 2
16 0 4207293 2 2
16 0 4219113 1 1
16 0 4223562 2 1
16 0 4237053 1 1
16 0 4295028 2 2
16 0 4299746 1 1
16 0 4306323 2 1
16 0 4316402 1 1
16 0 4325641 1 1
16 0 4340033 2 2
16 0 4364734 1 1
16 0 4370912 2 2
16 0 4377168 2 2
16 0 4410241 1 1
16 0 4411977 2 1
16 0 4414978 1 1
16 0 4445307 2 2
16 0 4470133 1 1
16 0 4481350 2 1
16 0 4489032 2 2
16 0 4495326 1 1
16 0 4495328 2 1
16 0 4501505 1 1
16 0 4508041 2 2
16 0 4512749 1 1
16 0 4547979 2 1
16 0 4597455 1 1
16 0 4600920 1 1
16 0 4611068 1 1
16 0 4626205 2 2
16 0 4627352 1 2
16 0 4647613 1 2
16 0 4649740 1 1
16 0 4653595 1 1
16 0 4654087 1 1
16 0 4663000 1 1
16 0 4701076 2 1
16 0 4717656 1 1
16 0 4720757 1 1
16 0 4735078 2 1
16 0 4748635 2 2
16 0 4755084 2 2
16 0 4763557 2 1
16 0 4773046 1 2
16 0 4775751 1 1
16 0 4783389 2 2
17 0 1087861 1 2
17 0 116583 1 1
17 0 1413523 1 2
17 0 149358 1 1
17 0 1501062 2 1
17 0 1501102 1 1
17 0 1994040 1 2
17 0 2246197 1 2
17 0 2270282 1 1
17 0 2363719 1 1
17 0 2448669 1 1
17 0 2453106 2 2
17 0 2544370 2 2
17 0 2546416 1 1
17 0 2613147 2 2
17 0 2614955 2 1
17 0 2660286 1 2
17 0 2680813 1 1
17 0 2747397 2 2
17 0 2769227 1 1
17 0 2769333 1 1
17 0 2774585 1 1
17 0 2780607 1 2
17 0 2788576 1 2
17 0 2790126 2 2
17 0 2790130 1 2
17 0 2790132 2 2
17 0 2803925 1 2
17 0 2805813 1 1
17 0 2813644 1 2
17 0 2824858 1 1
17 0 2845766 2 1
17 0 2856579 1 2
17 0 2860552 1 1
17 0 2872337 1 2
17 0 2875732 1 2
17 0 2882893 1 2
17 0 2884341 1 2
17 0 2884443 1 2
17 0 2917397 1 2
17 0 2920707 2 2
17 0 2922308 1 1
17 0 2922313 1 2
17 0 2943164 1 2
17 0 2945326 1 1
17 0 2958491 1 1
17 0 2966711 1 1
17 0 2994112 1 1
17 0 2994115 1 1
17 0 3018269 2 1
17 0 3019070 1 1
17 0 3023273 1 1
17 0 3024037 1 1
17 0 3028953 1 1
17 0 3040397 1 2
17 0 3072743 1 2
17 0 3088385 2 2
17 0 3090717 1 2
17 0 3090750 1 2
17 0 3097588 1 2
17 0 3112215 1 2
17 0 3157010 1 2
17 0 3158856 1 2
17 0 3178025 1 1
17 0 3198586 1 1
17 0 3215351 2 2
17 0 3218735 1 1
17 0 3219017 2 1
17 0 3250321 2 1
17 0 3257899 2 1
17 0 3262403 2 1
17 0 3262518 1 1
17 0 3297675 1 1
17 0 3306317 1 1
17 0 3319993 1 2
17 0 3345880 1 1
17 0 3364155 2 1
17 0 3387586 1 2
17 0 3388294 1 2
17 0 3389519 1 1
17 0 3389777 2 1
17 0 3390070 2 1
17 0 3395868 1 1
17 0 3418896 1 1
17 0 3447189 2 1
17 0 3463045 1 2
17 0 3492811 1 1
17 0 3523894 1 1
17 0 3564268 1 1
17 0 3568716 2 2
17 0 3582523 1 2
17 0 3600315 1 1
17 0 3630930 1 1
17 0 3634051 2 2
17 0 3659912 1 2
17 0 3678467 1 1
17 0 3734890 1 1
17 0 3758217 1 1
17 0 3804447 1 1
17 0 3821938 2 1
17 0 3824737 2 1
17 0 3828776 2 1
17 0 3831015 2 1
17 0 3835220 2 2
17 0 3850883 2 1
17 0 3852228 1 1
17 0 3864758 2 2
17 0 3868695 1 1
17 0 3872084 1 2
17 0 3891409 2 2
17 0 3904170 1 2
17 0 3913136 2 1
17 0 3914350 1 2
17 0 3917412 1 1
17 0 3924013 1 1
17 0 3937065 2 1
17 0 3944778 1 1
17 0 3963747 2 1
17 0 3974569 2 2
17 0 4007791 1 1
17 0 4012234 1 1
17 0 4048520 1 1
17 0 4064952 1 1
17 0 4078497 1 1
17 0 4152955 1 2
17 0 4157003 1 1
17 0 4180604 1 2
17 0 4206362 1 1
17 0 4239812 1 1
17 0 4253757 2 2
17 0 4279842 2 2
17 0 4282384 1 1
17 0 4284047 2 2
17 0 4315783 2 1
17 0 4347210 2 2
17 0 4394924 1 1
17 0 4398419 1 1
17 0 4399509 2 1
17 0 4401253 1 1
17 0 4410120 2 1
17 0 4427220 1 1
17 0 4468997 1 2
17 0 4476741 1 2
17 0 4497674 2 1
17 0 4502278 1 1
17 0 4504650 2 1
17 0 4507492 1 1
17 0 4515912 2 2
17 0 4517830 2 1
17 0 4523282 1 1
17 0 4524944 1 1
17 0 4532968 1 2
17 0 4533200 1 1
17 0 4534919 1 1
17 0 4546218 1 2
17 0 4553205 1 1
17 0 4554225 1 1
17 0 4594628 2 1
17 0 4599422 2 1
17 0 4599466 1 2
17 0 4630042 1 2
17 0 4630199 1 2
17 0 4662209 2 1
17 0 4670966 1 2
17 0 4688652 1 1
17 0 4691628 1 1
17 0 4707311 1 1
17 0 4712370 2 2
17 0 4735288 1 1
17 0 4743395 1 1
17 0 4750894 2 2
17 0 4753914 1 1
17 0 4759971 1 2
17 0 4767129 1 1
17 0 4773188 2 1
17 0 522829 1 2
17 0 526776 2 1
18 0 1395301 2 2
18 0 1458326 1 1
18 0 1560153 2 1
18 0 2151854 2 1
18 0 2254639 2 1
18 0 2262879 2 2
18 0 2374627 1 1
18 0 2588582 1 1
18 0 2596799 2 1
18 0 2700245 2 1
18 0 2702880 2 1
18 0 2729229 1 1
18 0 2779365 1 2
18 0 2851029 2 1
18 0 2988932 2 1
18 0 2988935 2 1
18 0 3014832 1 1
18 0 3015861 2 1
18 0 3046349 1 1
18 0 3065399 2 1
18 0 3146212 1 1
18 0 3178032 1 1
18 0 3202505 1 1
18 0 3202507 1 1
18 0 3358307 2 1
18 0 3411502 1 2
18 0 3437809 1 1
18 0 3468117 1 2
18 0 3471415 1 1
18 0 3513232 1 1
18 0 3576789 1 1
18 0 3602093 1 2
18 0 3712886 2 1
18 0 3720619 1 1
18 0 3748662 1 1
18 0 3772920 1 1
18 0 3783665 1 1
18 0 3807848 1 1
18 0 3835637 2 2
18 0 3860017 1 1
18 0 3860455 1 1
18 0 3878513 1 1
18 0 3905505 2 1
18 0 3905544 2 1
18 0 3964275 1 1
18 0 3984179 1 1
18 0 4002011 1 1
18 0 4009263 1 2
18 0 4030609 2 1
18 0 4052052 2 1
18 0 4070603 1 2
18 0 4085800 1 1
18 0 4113267 2 1
18 0 4170826 2 1
18 0 4212306 1 1
18 0 4247563 2 1
18 0 4327325 1 1
18 0 4332755 1 1
18 0 4352736 1 1
18 0 4391414 1 1
18 0 4421884 1 1
18 0 4435303 1 1
18 0 4464098 1 1
18 0 4513750 2 2
18 0 4531457 2 1
18 0 4586911 1 1
18 0 4618532 2 2
18 0 4710924 1 1
19 0 1097737 1 1
19 0 1475186 1 1
19 0 1501082 2 1
19 0 1513521 1 1
19 0 156021 2 1
19 0 1852304 2 2
19 0 1891725 2 2
19 0 1993984 2 1
19 0 2000893 2 1
19 0 2040155 1 1
19 0 2270282 1 2
19 0 2277396 2 1
19 0 2291308 2 1
19 0 2362533 2 2
19 0 2391269 1 1
19 0 2440757 1 1
19 0 2453106 1 1
19 0 2546478 1 1
19 0 2584072 2 2
19 0 2636755 2 1
19 0 2656493 2 1
19 0 2657234 2 1
19 0 2657236 1 1
19 0 2672240 1 1
19 0 2678992 1 1
19 0 2682455 1 2
19 0 2687896 2 1
19 0 2702288 1 1
19 0 2747390 1 1
19 0 2747397 1 1
19 0 2761805 1 2
19 0 2780634 1 2
19 0 2780821 2 1
19 0 2790437 2 2
19 0 2827811 1 1
19 0 2838368 2 1
19 0 2882888 1 1
19 0 2890514 1 1
19 0 2893119 2 2
19 0 2918297 2 1
19 0 2922317 1 1
19 0 2938031 1 2
19 0 2943164 1 1
19 0 2990395 2 1
19 0 2994107 1 1
19 0 3006050 2 1
19 0 3022166 2 1
19 0 3024526 1 1
19 0 3047849 1 1
19 0 3053877 1 1
19 0 3063533 1 2
19 0 3072211 1 1
19 0 3074272 1 2
19 0 3093219 2 2
19 0 3099615 1 1
19 0 3108764 1 1
19 0 3135130 2 1
19 0 3158856 1 1
19 0 3181743 2 2
19 0 3184449 1 1
19 0 3184676 1 2
19 0 3214678 1 1
19 0 3220253 2 1
19 0 3262633 2 2
19 0 3262783 2 1
19 0 3263538 2 1
19 0 3295654 1 1
19 0 3298208 1 1
19 0 3313753 1 2
19 0 3317245 1 1
19 0 3329666 2 1
19 0 3337512 1 1
19 0 3349957 1 1
19 0 3352305 1 1
19 0 3377955 1 1
19 0 3383503 1 1
19 0 3392651 2 1
19 0 3410308 2 2
19 0 3420778 2 1
19 0 3423822 1 1
19 0 3433013 1 1
19 0 3434897 2 1
19 0 3457843 2 1
19 0 3470021 1 1
19 0 3475895 1 1
19 0 3487349 1 1
19 0 3492809 1 1
19 0 3502517 2 1
19 0 3504482 1 1
19 0 3507264 2 1
19 0 3516239 1 1
19 0 3540283 1 2
19 0 3543806 2 1
19 0 3551210 2 1
19 0 3551455 2 2
19 0 3560669 2 1
19 0 3569049 2 2
19 0 3594900 1 2
19 0 3612491 2 1
19 0 3622405 2 2
19 0 3632172 2 1
19 0 3636818 2 1
19 0 3656645 1 1
19 0 3665499 1 1
19 0 3676321 1 2
19 0 3699293 2 1
19 0 3705839 1 1
19 0 3714042 2 1
19 0 3716027 1 1
19 0 3748420 1 1
19 0 3763643 2 1
19 0 3769086 1 2
19 0 3772305 2 2
19 0 3784865 1 2
19 0 3804648 1 1
19 0 3821244 1 1
19 0 3831017 2 1
19 0 3832384 1 1
19 0 3855960 1 1
19 0 3884849 2 1
19 0 3896883 1 2
19 0 3898002 1 2
19 0 3904170 1 1
19 0 3913122 1 2
19 0 3923612 2 1
19 0 3941093 1 2
19 0 3949352 2 1
19 0 3966435 1 1
19 0 3975151 2 2
19 0 3985033 1 1
19 0 3986295 1 1
19 0 3987325 1 1
19 0 3992428 1 1
19 0 3992766 2 2
19 0 4003802 1 2
19 0 4015483 2 1
19 0 4050398 1 1
19 0 4052068 1 1
19 0 4063244 1 1
19 0 4066613 1 2
19 0 4081174 2 1
19 0 4089631 1 1
19 0 4105275 1 2
19 0 4106092 2 2
19 0 4107426 1 1
19 0 4119330 1 1
19 0 4126814 1 1
19 0 4131302 1 1
19 0 4147208 1 1
19 0 4153640 2 2
19 0 4157035 2 1
19 0 4162328 1 2
19 0 4180604 1 1
19 0 4205243 1 1
19 0 4244175 1 1
19 0 4255632 2 1
19 0 4277160 1 2
19 0 4306054 1 2
19 0 4306074 2 1
19 0 4307725 1 1
19 0 4309106 2 1
19 0 4310379 2 1
19 0 4312387 1 2
19 0 4316409 1 2
19 0 4323789 1 1
19 0 4324467 1 1
19 0 4326276 2 1
19 0 4327181 1 1
19 0 4346884 1 1
19 0 4362137 2 1
19 0 4370306 1 1
19 0 4371808 1 1
19 0 4384313 2 2
19 0 4394329 1 1
19 0 4410120 1 1
19 0 4414564 2 1
19 0 4427946 2 1
19 0 4455989 2 2
19 0 4465742 2 1
19 0 4467737 1 1
19 0 4475269 1 1
19 0 4478641 2 1
19 0 4495460 2 1
19 0 4500010 1 1
19 0 4521370 1 1
19 0 4532023 1 2
19 0 4532968 1 1
19 0 4554225 2 2
19 0 4579931 1 1
19 0 4597586 1 1
19 0 4602877 2 1
19 0 4608064 1 1
19 0 4608895 1 1
19 0 4625452 1 1
19 0 4637462 1 2
19 0 4645948 1 1
19 0 4651411 1 1
19 0 4663845 2 1
19 0 4689346 1 1
19 0 4714166 2 2
19 0 4723030 2 1
19 0 4735288 2 2
19 0 4739587 1 1
19 0 4742513 2 1
19 0 4745140 1 1
19 0 4750139 1 2
19 0 4753005 2 1
19 0 4753006 2 1
19 0 4759971 1 1
19 0 4765015 2 1
19 0 4768437 2 1
19 0 4771402 1 2
19 0 4771899 1 1
19 0 4772311 1 1
19 0 4772647 2 1
19 0 4774062 1 1
19 0 4776061 1 1
19 0 4778408 1 2
19 0 4802904 1 1
19 0 4807017 1 1
19 0 522829 2 1
19 0 526776 2 1
20 0 1065027 1 1
20 0 1065078 1 1
20 0 107740 1 1
20 0 1175889 2 2
20 0 1180426 1 1
20 0 1198042 1 1
20 0 1208905 2 1
20 0 1269474 1 1
20 0 1458326 1 2
20 0 149414 2 2
20 0 1533809 2 1
20 0 1550946 1 1
20 0 1570054 1 1
20 0 1664567 1 1
20 0 1712221 1 2
20 0 1797181 2 2
20 0 1803791 2 2
20 0 1808476 2 1
20 0 1820623 2 1
20 0 1824723 1 2
20 0 1868731 2 1
20 0 2040155 1 2
20 0 2096525 1 1
20 0 2116997 1 2
20 0 2128404 1 1
20 0 2150069 2 1
20 0 2193024 2 1
20 0 2194711 1 1
20 0 2216007 1 1
20 0 2222930 1 1
20 0 2223499 1 1
20 0 2234421 2 1
20 0 2362255 2 1
20 0 2362262 2 1
20 0 2362297 2 1
20 0 2362348 1 1
20 0 2364506 1 1
20 0 2374270 2 1
20 0 2390558 1 1
20 0 2423752 2 1
20 0 2423980 2 1
20 0 2426706 2 2
20 0 2442958 1 2
20 0 2442972 2 2
20 0 2447582 2 1
20 0 2449007 1 1
20 0 2503671 2 1
20 0 2504061 1 1
20 0 2518129 2 2
20 0 2518155 1 2
20 0 2519072 2 1
20 0 2542398 2 1
20 0 2546413 2 1
20 0 2546416 2 1
20 0 2556666 1 2
20 0 2570823 1 1
20 0 2572606 1 2
20 0 2596162 1 1
20 0 2613589 2 1
20 0 2626809 1 1
20 0 2628097 1 1
20 0 2628188 2 1
20 0 2631541 2 1
20 0 2646073 1 1
20 0 2657786 1 2
20 0 2662841 2 2
20 0 2664139 1 2
20 0 2671966 2 2
20 0 2672220 1 2
20 0 2672258 1 1
20 0 2673828 2 1
20 0 2686090 2 2
20 0 2687910 1 2
20 0 2691510 1 1
20 0 2694377 2 1
20 0 2700470 2 1
20 0 2702965 2 1
20 0 2705373 2 2
20 0 2710383 2 2
20 0 2718117 1 2
20 0 2722154 1 2
20 0 2726498 2 2
20 0 2729907 1 1
20 0 2738401 2 1
20 0 2740072 2 2
20 0 2740221 1 2
20 0 2767517 1 2
20 0 2770458 2 1
20 0 2772243 2 1
20 0 2775879 2 2
20 0 2778833 1 1
20 0 2779365 1 2
20 0 2779397 2 2
20 0 2783065 1 2
20 0 2783104 2 2
20 0 2783150 1 2
20 0 2784504 2 2
20 0 2784508 2 2
20 0 2791736 2 2
20 0 2792616 1 1
20 0 2797051 1 1
20 0 2798987 1 1
20 0 2799006 1 1
20 0 2799007 1 1
20 0 2803862 2 1
20 0 2803863 1 2
20 0 2803880 1 1
20 0 2803939 1 1
20 0 2803950 1 2
20 0 2803961 1 2
20 0 2803985 2 2
20 0 2803988 1 2
20 0 2810606 1 2
20 0 2813126 2 1
20 0 2817660 2 1
20 0 2820289 1 2
20 0 2827046 1 2
20 0 2827069 2 1
20 0 2827158 2 2
20 0 2831875 2 1
20 0 2831897 1 1
20 0 2833155 1 1
20 0 2834679 2 1
20 0 2840960 1 1
20 0 2841412 2 2
20 0 2845777 1 1
20 0 2848228 1 1
20 0 2852596 1 1
20 0 2855072 1 1
20 0 2872306 1 1
20 0 2873470 2 1
20 0 2878678 2 1
20 0 2881009 1 2
20 0 2885641 1 2
20 0 2886319 2 1
20 0 2887895 1 1
20 0 2890922 2 2
20 0 2893312 1 1
20 0 2895172 2 1
20 0 2895186 2 1
20 0 2896582 1 2
20 0 2908657 1 2
20 0 2912929 1 1
20 0 2917397 1 1
20 0 2919795 2 1
20 0 2920002 1 1
20 0 2923793 1 2
20 0 2924356 2 1
20 0 2931402 1 1
20 0 2933488 1 2
20 0 2936082 2 1
20 0 2936924 1 2
20 0 2939498 2 1
20 0 2957111 2 2
20 0 2966711 1 2
20 0 2967686 1 2
20 0 2967696 1 1
20 0 2974999 2 1
20 0 2976516 2 2
20 0 2978230 1 2
20 0 2978397 1 1
20 0 2981855 1 1
20 0 2988959 1 2
20 0 2992067 1 1
20 0 2995784 1 1
20 0 2997099 1 1
20 0 3002374 1 2
20 0 3014703 2 1
20 0 3014832 1 2
20 0 3014833 2 2
20 0 3015279 2 2
20 0 3015453 2 2
20 0 3015484 2 2
20 0 3015516 1 2
20 0 3015576 1 1
20 0 3015602 2 1
20 0 3015721 1 1
20 0 3015861 1 2
20 0 3015922 2 2
20 0 3016143 2 2
20 0 3016185 2 2
20 0 3016727 2 1
20 0 3016740 1 1
20 0 3021273 1 1
20 0 3025845 2 2
20 0 3047857 1 1
20 0 3052194 2 1
20 0 3054432 1 2
20 0 3054458 1 2
20 0 3061903 2 2
20 0 3066717 1 2
20 0 3073909 2 2
20 0 3079674 1 1
20 0 3083339 2 2
20 0 3088003 1 2
20 0 3088756 2 1
20 0 3089795 1 2
20 0 3094317 2 1
20 0 3094361 1 2
20 0 3099621 1 2
20 0 3108290 1 2
20 0 3111368 2 1
20 0 3113180 1 1
20 0 3113181 1 1
20 0 3116008 2 2
20 0 3120680 2 1
20 0 3134700 1 1
20 0 3141691 1 1
20 0 3142332 2 2
20 0 3145881 2 1
20 0 3159233 2 1
20 0 3168003 1 1
20 0 3168389 1 2
20 0 3168409 1 2
20 0 3168462 1 1
20 0 3177591 2 1
20 0 3180154 2 1
20 0 3180521 1 1
20 0 3183699 2 1
20 0 3189146 1 2
20 0 3190515 1 1
20 0 3198586 1 1
20 0 3201110 2 1
20 0 3202123 1 2
20 0 3202185 1 1
20 0 3204302 1 2
20 0 3206356 1 1
20 0 3208579 2 1
20 0 3209998 1 1
20 0 3219778 2 2
20 0 3220812 1 1
20 0 3227163 2 1
20 0 3227694 2 2
20 0 3236129 1 2
20 0 3236145 1 1
20 0 3243857 1 2
20 0 324404 2 1
20 0 3259112 1 2
20 0 3267401 1 1
20 0 3267517 2 1
20 0 3268705 1 2
20 0 3270345 1 1
20 0 3277481 2 2
20 0 3280479 1 2
20 0 3286733 1 1
20 0 3289492 2 1
20 0 3295700 1 2
20 0 3296598 2 1
20 0 3298226 2 1
20 0 3298780 1 2
20 0 3304619 2 1
20 0 3312274 1 1
20 0 3313017 1 1
20 0 3314559 2 1
20 0 3318890 1 2
20 0 3322182 2 1
20 0 3325070 2 2
20 0 3330312 2 2
20 0 3334262 1 1
20 0 3336247 2 1
20 0 3338221 2 2
20 0 3339066 1 1
20 0 3343155 1 1
20 0 3343166 1 2
20 0 3345155 2 2
20 0 3347645 1 2
20 0 3350204 2 2
20 0 3352322 1 1
20 0 3355084 2 1
20 0 3363128 2 2
20 0 3368238 1 1
20 0 3369408 1 2
20 0 3376342 1 2
20 0 3383135 2 1
20 0 3389490 2 1
20 0 3391837 1 1
20 0 3391856 1 1
20 0 3398075 1 2
20 0 3398091 1 1
20 0 3399076 1 2
20 0 3399362 1 1
20 0 3399550 1 2
20 0 3401615 2 2
20 0 3407696 1 1
20 0 3418896 2 1
20 0 3420030 1 1
20 0 3420577 2 2
20 0 3420725 2 1
20 0 3422105 2 1
20 0 3425036 1 2
20 0 3429765 1 1
20 0 3433553 2 1
20 0 3437809 1 1
20 0 3449199 2 2
20 0 3449432 1 1
20 0 3463128 2 1
20 0 3464797 1 2
20 0 3467437 1 2
20 0 3467606 1 2
20 0 3468117 1 2
20 0 3469333 1 2
20 0 3469962 2 1
20 0 3470021 2 1
20 0 3470986 1 1
20 0 3471415 1 2
20 0 3471447 1 2
20 0 3475895 1 2
20 0 3477366 1 1
20 0 3477656 2 2
20 0 3483619 2 1
20 0 3484318 1 1
20 0 3485110 2 1
20 0 3487349 2 1
20 0 3491236 1 2
20 0 3491237 1 2
20 0 3494566 2 2
20 0 3501159 1 1
20 0 3504293 1 1
20 0 3506060 2 1
20 0 3510970 2 1
20 0 3517843 1 1
20 0 3521256 1 1
20 0 3524328 1 2
20 0 3529420 2 1
20 0 3538652 2 2
20 0 3542893 1 2
20 0 3544608 1 2
20 0 3545260 1 1
20 0 3551419 2 1
20 0 3552714 2 2
20 0 3558347 2 2
20 0 3570143 1 1
20 0 3572695 1 2
20 0 3573784 1 2
20 0 3575286 1 1
20 0 3575664 1 1
20 0 3579408 1 2
20 0 3579689 1 1
20 0 3583083 1 2
20 0 3583747 1 2
20 0 3600251 2 2
20 0 3612472 1 2
20 0 3615907 1 2
20 0 3616070 1 1
20 0 3616115 2 2
20 0 3619691 2 1
20 0 3624641 1 2
20 0 3626556 1 1
20 0 362879 2 2
20 0 3631791 2 1
20 0 3633285 2 1
20 0 3636818 2 1
20 0 3649084 1 2
20 0 3649224 1 2
20 0 3649503 1 2
20 0 3651279 1 2
20 0 3653701 1 2
20 0 3658566 1 2
20 0 3662170 1 2
20 0 3662630 1 2
20 0 3662733 2 2
20 0 3663309 2 1
20 0 3665121 2 2
20 0 3665250 1 1
20 0 3666423 1 1
20 0 3679817 1 1
20 0 3687098 2 1
20 0 3687264 2 1
20 0 3689053 2 1
20 0 3706063 1 1
20 0 3707284 1 2
20 0 3711730 2 2
20 0 3712162 2 2
20 0 3714045 1 1
20 0 3716219 1 2
20 0 3724138 1 2
20 0 3726238 1 2
20 0 3727947 1 2
20 0 3728466 2 1
20 0 3728611 1 1
20 0 3728613 1 2
20 0 3729994 1 2
20 0 3730207 2 1
20 0 3734730 2 2
20 0 3735392 1 2
20 0 3746049 1 2
20 0 3746057 1 1
20 0 3755985 2 2
20 0 3758702 2 1
20 0 3759068 2 2
20 0 3764353 1 1
20 0 3764947 2 1
20 0 3766223 1 2
20 0 3770034 2 2
20 0 3772920 1 2
20 0 3773424 2 2
20 0 3782679 2 2
20 0 3786496 2 2
20 0 3789899 1 2
20 0 3790040 1 1
20 0 3792591 1 2
20 0 3796684 2 2
20 0 3800636 2 2
20 0 3807848 1 2
20 0 3816187 1 1
20 0 3820465 2 1
20 0 3826337 1 2
20 0 3830293 1 1
20 0 3830831 2 2
20 0 3835637 2 2
20 0 3837327 2 1
20 0 3840461 1 2
20 0 3856521 1 1
20 0 3859735 1 1
20 0 3860017 1 2
20 0 3860072 1 2
20 0 3861473 1 2
20 0 3878513 1 1
20 0 3884537 1 1
20 0 3890739 1 2
20 0 3891414 2 2
20 0 3892002 1 1
20 0 3893685 2 1
20 0 3894915 1 1
20 0 3897749 2 1
20 0 3912669 2 1
20 0 3914350 2 2
20 0 3915729 1 1
20 0 3920997 2 2
20 0 3921654 2 2
20 0 3921955 2 1
20 0 3926684 2 2
20 0 3939327 1 1
20 0 3945384 1 1
20 0 3945763 1 2
20 0 3959305 1 2
20 0 3959393 1 2
20 0 3959438 2 2
20 0 3959472 2 2
20 0 3964275 1 2
20 0 3964296 1 2
20 0 3965929 1 1
20 0 3969627 1 1
20 0 3970310 1 2
20 0 3970448 1 2
20 0 3973840 2 1
20 0 3975180 1 2
20 0 3978404 2 1
20 0 3981197 2 1
20 0 3981223 2 2
20 0 3988621 1 2
20 0 3991035 1 1
20 0 3993037 1 2
20 0 4000989 1 1
20 0 4001169 2 2
20 0 4001341 1 2
20 0 4007789 2 1
20 0 4010006 2 1
20 0 4010023 1 2
20 0 4012255 2 2
20 0 4014392 2 1
20 0 4016293 1 1
20 0 4017422 1 2
20 0 4020534 1 1
20 0 4022769 2 2
20 0 4025145 1 2
20 0 4026616 2 2
20 0 4026643 1 2
20 0 4029805 1 1
20 0 4035652 2 2
20 0 4052052 1 2
20 0 4055248 2 2
20 0 4058548 2 2
20 0 4064203 1 1
20 0 4066574 2 1
20 0 4086267 2 1
20 0 4100053 2 1
20 0 4101849 2 2
20 0 4107321 2 2
20 0 4107435 1 1
20 0 4114299 2 1
20 0 4114602 1 2
20 0 4119348 2 1
20 0 4119907 1 2
20 0 4124264 1 2
20 0 4129213 1 2
20 0 4133036 1 1
20 0 4133753 1 2
20 0 4137105 1 1
20 0 4137939 2 1
20 0 4147201 1 1
20 0 4150433 2 1
20 0 4150516 2 1
20 0 4154822 2 1
20 0 4159244 1 2
20 0 4166798 2 1
20 0 4167505 2 2
20 0 4184652 2 2
20 0 4189065 2 1
20 0 4194027 1 1
20 0 4206347 1 1
20 0 4209269 1 2
20 0 4230886 1 1
20 0 4242068 1 1
20 0 4246140 1 1
20 0 4246151 1 2
20 0 4251235 1 2
20 0 4255052 1 2
20 0 4259136 1 2
20 0 4260110 1 2
20 0 4276087 2 2
20 0 4279149 2 2
20 0 4280467 1 2
20 0 4290998 1 2
20 0 4295136 1 2
20 0 4295985 1 2
20 0 4304517 1 1
20 0 4306086 1 2
20 0 4307004 1 2
20 0 4307701 1 1
20 0 4315783 1 1
20 0 4321408 2 1
20 0 4324870 2 2
20 0 4326036 1 2
20 0 4332457 2 1
20 0 4339966 2 1
20 0 4342160 2 1
20 0 4347963 1 2
20 0 4350044 1 2
20 0 4350850 2 1
20 0 4352736 2 2
20 0 4353967 2 1
20 0 4354389 1 2
20 0 4354971 2 2
20 0 4356263 1 1
20 0 4367230 2 2
20 0 4369988 2 2
20 0 4377395 2 1
20 0 4377432 1 1
20 0 4379200 1 1
20 0 4384720 1 1
20 0 4389099 1 1
20 0 4411896 1 2
20 0 4417333 1 2
20 0 4421108 2 2
20 0 4421268 1 2
20 0 4421884 1 2
20 0 4429987 2 1
20 0 4433194 2 1
20 0 4434851 1 2
20 0 4435262 2 2
20 0 4435271 2 2
20 0 4435301 2 2
20 0 4435303 1 2
20 0 4435304 1 1
20 0 4435341 2 2
20 0 4435359 2 2
20 0 4435372 2 2
20 0 4443756 1 1
20 0 4444563 1 1
20 0 4446664 1 2
20 0 4446691 1 1
20 0 4447199 1 1
20 0 4457178 1 1
20 0 4458556 1 1
20 0 4464098 1 1
20 0 4468343 2 1
20 0 4476026 1 1
20 0 4480313 1 2
20 0 4485235 1 2
20 0 4492326 1 1
20 0 4495570 2 2
20 0 4498877 1 1
20 0 4502274 2 1
20 0 4502316 1 2
20 0 4508958 2 1
20 0 4510354 2 1
20 0 4512127 1 2
20 0 4513752 1 1
20 0 4519607 1 1
20 0 4520340 1 2
20 0 4523925 2 1
20 0 4524364 1 2
20 0 4528048 1 2
20 0 4528876 1 2
20 0 4528903 1 2
20 0 4529645 2 2
20 0 4530916 1 2
20 0 4530922 1 2
20 0 4531457 2 2
20 0 4531542 1 1
20 0 4531617 1 2
20 0 4531635 1 2
20 0 4531960 2 2
20 0 4532065 1 2
20 0 4534977 1 2
20 0 4535107 2 2
20 0 4538593 1 1
20 0 4543470 2 1
20 0 4546971 2 1
20 0 4554168 1 1
20 0 4561869 1 2
20 0 4562648 2 2
20 0 4564375 2 2
20 0 4567782 2 2
20 0 4573599 2 2
20 0 4574849 1 1
20 0 4578061 1 2
20 0 4582536 1 2
20 0 4586910 1 2
20 0 4604287 2 1
20 0 4606557 1 1
20 0 4608089 2 2
20 0 4608329 1 2
20 0 4612482 2 1
20 0 4612760 1 1
20 0 4616350 2 1
20 0 4616455 1 2
20 0 4617075 2 1
20 0 4624560 2 2
20 0 4631276 2 2
20 0 4637458 1 2
20 0 4637463 1 2
20 0 4647019 1 2
20 0 4650402 2 2
20 0 4653261 2 2
20 0 4658566 1 2
20 0 4668245 2 2
20 0 4683789 1 1
20 0 4683809 1 1
20 0 4684844 1 2
20 0 4684918 2 2
20 0 4692264 1 2
20 0 4692297 1 2
20 0 4693334 1 2
20 0 4696369 1 2
20 0 4701815 2 1
20 0 4712543 1 2
20 0 4717627 2 1
20 0 4718557 1 2
20 0 4720714 2 1
20 0 4724762 1 2
20 0 4729516 2 1
20 0 4735927 2 1
20 0 4739250 1 2
20 0 4743678 1 2
20 0 4747961 1 1
20 0 4748209 1 1
20 0 4748527 1 1
20 0 4750627 1 1
20 0 4759124 2 1
20 0 4760769 1 1
20 0 4761203 2 2
20 0 4762789 2 1
20 0 4773087 1 2
20 0 4774179 1 2
20 0 4782684 1 1
20 0 4785673 1 1
21 0 1386678 1 1
21 0 1936290 2 2
21 0 2039828 2 1
21 0 2175052 2 1
21 0 2213070 2 2
21 0 2542401 1 2
21 0 2621380 1 2
21 0 2633327 1 1
21 0 2664726 1 1
21 0 2698626 1 1
21 0 2700608 1 2
21 0 2714412 1 2
21 0 2729942 1 2
21 0 2733991 1 1
21 0 2769415 1 2
21 0 2811908 1 1
21 0 2822295 1 1
21 0 2840956 2 1
21 0 2893430 1 2
21 0 2947016 1 2
21 0 2990390 1 2
21 0 2993722 2 1
21 0 3002889 2 1
21 0 3056326 2 2
21 0 3078209 1 2
21 0 3085970 1 1
21 0 3087438 1 1
21 0 3099506 1 1
21 0 3108707 2 2
21 0 3191504 2 1
21 0 3207306 1 1
21 0 3248338 1 1
21 0 3253339 2 2
21 0 3255242 2 1
21 0 3282637 1 1
21 0 3352069 2 2
21 0 3352070 2 2
21 0 3418768 1 1
21 0 3459383 2 2
21 0 3486829 1 2
21 0 3507244 2 1
21 0 3683431 1 1
21 0 3695309 1 1
21 0 3728870 1 1
21 0 3736875 1 1
21 0 3743190 1 1
21 0 3772869 2 2
21 0 3781735 2 2
21 0 3785368 2 1
21 0 3797640 1 1
21 0 3878524 1 2
21 0 3879024 1 1
21 0 3889633 1 2
21 0 3892112 1 1
21 0 3986770 1 1
21 0 4001330 2 2
21 0 4137417 2 2
21 0 4178392 2 1
21 0 4178412 2 1
21 0 4215823 1 2
21 0 4226142 1 2
21 0 4247502 1 1
21 0 4269340 1 1
21 0 4272454 1 1
21 0 4318821 1 1
21 0 4336281 1 2
21 0 4384455 1 2
21 0 4451478 2 2
21 0 4471913 1 1
21 0 4500472 1 1
21 0 4525190 2 2
21 0 4573198 1 2
21 0 4650137 1 1
22 0 1513518 1 2
22 0 1513530 2 2
22 0 1550861 2 2
22 0 2884442 2 2
22 0 3339879 2 2
22 0 4278024 2 2
22 0 4310357 1 2
22 0 4347207 1 2
23 0 1665312 2 2
23 0 184504 1 1
23 0 1852385 2 1
23 0 2169241 1 1
23 0 2360199 1 2
23 0 2361367 1 1
23 0 2362203 1 2
23 0 2363641 1 1
23 0 2375335 2 1
23 0 2577108 1 1
23 0 2613391 2 1
23 0 2627183 2 1
23 0 2653771 1 1
23 0 2654482 1 1
23 0 2657129 2 2
23 0 2698923 1 1
23 0 2702048 2 1
23 0 2740074 1 1
23 0 2740091 2 1
23 0 2740148 1 1
23 0 2769301 2 1
23 0 2769347 1 1
23 0 2769390 1 1
23 0 2820663 1 1
23 0 2827785 1 2
23 0 2837057 2 1
23 0 2856579 2 1
23 0 2858115 1 1
23 0 2878685 2 1
23 0 2895168 1 1
23 0 2902206 2 2
23 0 2923788 1 1
23 0 2974996 1 1
23 0 2974997 2 1
23 0 2990396 1 1
23 0 3015573 2 1
23 0 3016207 2 1
23 0 3016731 1 1
23 0 3016818 2 1
23 0 3025845 1 1
23 0 3053497 1 1
23 0 3075172 1 1
23 0 3099074 1 1
23 0 3103441 1 1
23 0 3113160 1 1
23 0 3129949 2 1
23 0 3222610 1 1
23 0 3245898 1 2
23 0 3296595 2 2
23 0 3296940 2 1
23 0 3348093 1 2
23 0 3363119 1 1
23 0 3401507 2 2
23 0 3423748 1 2
23 0 3457840 2 1
23 0 3468117 1 1
23 0 3486799 2 1
23 0 3488188 1 1
23 0 3493968 2 2
23 0 3499266 2 2
23 0 3518074 1 1
23 0 3523450 1 2
23 0 3562074 1 1
23 0 3584831 1 2
23 0 3584841 2 2
23 0 3596899 2 1
23 0 3624984 2 2
23 0 3627041 1 2
23 0 3659246 1 2
23 0 3671532 2 2
23 0 3703257 2 2
23 0 3731173 2 1
23 0 3743186 2 1
23 0 3777485 2 2
23 0 3797929 1 2
23 0 3809229 2 1
23 0 3827090 2 2
23 0 3868681 1 2
23 0 3937238 2 2
23 0 3990128 1 2
23 0 3997707 1 2
23 0 4013420 2 2
23 0 4061890 2 1
23 0 4072622 1 1
23 0 4130692 1 2
23 0 4130885 2 2
23 0 4139696 2 1
23 0 4189074 1 2
23 0 4191992 1 2
23 0 4277327 2 1
23 0 4289056 1 1
23 0 4317513 1 1
23 0 4431429 1 2
23 0 4435984 1 2
23 0 4438141 1 1
23 0 4495181 2 1
23 0 4513795 2 1
23 0 4513805 1 1
23 0 4552199 2 1
23 0 4559614 1 2
23 0 4564049 2 1
23 0 4566314 1 2
23 0 4569066 1 2
23 0 4609363 2 2
23 0 4661854 1 2
23 0 4689235 1 2
23 0 4720464 1 1
23 0 4747950 1 2
23 0 4748198 2 2
24 0 1180845 1 1
24 0 1184073 1 1
24 0 1185535 2 2
24 0 1224699 1 2
24 0 126214 1 1
24 0 1308850 1 1
24 0 1325033 2 1
24 0 137607 2 2
24 0 1382223 1 1
24 0 1397830 1 1
24 0 1414098 1 1
24 0 1459264 2 1
24 0 1557481 2 1
24 0 1570358 2 1
24 0 1574321 1 1
24 0 1579227 2 1
24 0 1618836 2 1
24 0 1621101 2 1
24 0 1847829 1 1
24 0 1925059 2 1
24 0 1948007 2 2
24 0 2001137 2 1
24 0 2041952 2 1
24 0 2099283 2 1
24 0 2119186 2 1
24 0 2140087 2 2
24 0 2192814 2 2
24 0 2194705 1 2
24 0 2216064 1 1
24 0 2219992 2 2
24 0 2234420 1 1
24 0 2265263 2 1
24 0 2271130 2 1
24 0 2335291 1 2
24 0 2374947 1 1
24 0 2432065 1 1
24 0 2438478 2 1
24 0 2441778 2 1
24 0 2441926 1 2
24 0 2459247 2 1
24 0 2479883 2 2
24 0 2494586 2 2
24 0 2494604 2 1
24 0 2499993 1 2
24 0 2516422 1 2
24 0 2533303 1 1
24 0 2542355 2 1
24 0 2546479 1 1
24 0 2556689 2 1
24 0 2565667 1 2
24 0 2567335 1 2
24 0 2572604 1 2
24 0 2577094 2 1
24 0 2580765 2 1
24 0 2600221 1 2
24 0 2600632 1 1
24 0 2605742 1 2
24 0 2607275 2 1
24 0 2614978 1 1
24 0 2615262 2 2
24 0 2615353 2 1
24 0 2630042 1 1
24 0 2631670 1 1
24 0 2631715 1 1
24 0 2631895 2 2
24 0 2636832 1 1
24 0 2639545 1 2
24 0 2640758 1 2
24 0 2644295 2 2
24 0 2647165 2 1
24 0 2664196 1 1
24 0 2672131 2 2
24 0 2672190 1 2
24 0 2672256 1 2
24 0 2678928 2 1
24 0 2684271 1 1
24 0 2684303 2 1
24 0 2684349 1 1
24 0 2684360 2 2
24 0 2687663 2 1
24 0 2687910 1 1
24 0 2688343 2 2
24 0 2699831 1 2
24 0 2702819 1 1
24 0 2702916 1 1
24 0 2704952 1 1
24 0 2718184 1 1
24 0 2721353 1 1
24 0 2721562 1 1
24 0 2721579 1 1
24 0 2721610 1 1
24 0 2725834 1 1
24 0 2726523 1 1
24 0 2729697 1 1
24 0 2740015 1 1
24 0 2740088 2 2
24 0 2740120 1 2
24 0 2740221 2 2
24 0 2740240 2 2
24 0 2740262 2 1
24 0 2740283 2 1
24 0 2740361 2 1
24 0 2742654 2 1
24 0 2765939 1 1
24 0 2766912 1 1
24 0 2768112 1 1
24 0 2769376 2 1
24 0 2795196 2 1
24 0 2798987 1 1
24 0 2799006 1 1
24 0 2799007 1 1
24 0 2803903 1 2
24 0 2803917 1 2
24 0 2803974 1 2
24 0 2803984 1 2
24 0 2804015 1 2
24 0 2813611 2 1
24 0 2816807 2 2
24 0 2820663 2 1
24 0 2824958 1 2
24 0 2827785 1 1
24 0 2840933 1 2
24 0 2840961 2 2
24 0 2847135 2 1
24 0 2847727 2 2
24 0 2847765 1 2
24 0 2847813 1 1
24 0 2850589 2 1
24 0 2850858 1 1
24 0 2856853 2 2
24 0 2857614 1 1
24 0 2860402 1 1
24 0 2868795 2 1
24 0 2873501 2 1
24 0 2875701 1 2
24 0 2877018 1 1
24 0 2878674 1 2
24 0 2879827 1 2
24 0 2892470 2 2
24 0 2892669 2 2
24 0 2908657 1 2
24 0 2918323 2 1
24 0 2920196 2 2
24 0 2923368 1 1
24 0 2925354 1 2
24 0 2930321 2 2
24 0 2931136 2 1
24 0 2938550 1 2
24 0 2939444 1 2
24 0 2941245 1 1
24 0 2954016 1 1
24 0 2963785 2 2
24 0 2974970 2 1
24 0 2978439 2 1
24 0 2984342 1 2
24 0 2987910 1 1
24 0 2988939 1 2
24 0 2995096 2 1
24 0 3001704 2 2
24 0 3003213 1 2
24 0 3003224 1 2
24 0 3003950 2 1
24 0 3003960 1 1
24 0 3004119 2 2
24 0 3004498 2 1
24 0 3015331 1 2
24 0 3015501 1 2
24 0 3015746 1 2
24 0 3015878 1 2
24 0 3015883 1 1
24 0 3015928 2 1
24 0 3016142 1 1
24 0 3016431 1 2
24 0 3018369 2 1
24 0 3019005 1 1
24 0 3019008 2 1
24 0 3020672 1 1
24 0 3021286 1 2
24 0 3021941 1 1
24 0 3023098 1 1
24 0 3025845 1 2
24 0 3029312 1 1
24 0 3030805 1 2
24 0 3034052 2 1
24 0 3034300 1 1
24 0 3037327 1 2
24 0 3038627 1 1
24 0 3042228 1 2
24 0 3043588 1 2
24 0 3051121 1 2
24 0 3053502 1 2
24 0 3053939 1 1
24 0 3056262 1 1
24 0 3057250 1 2
24 0 3061903 1 2
24 0 3065402 1 2
24 0 3065404 2 2
24 0 3073791 2 2
24 0 3073800 2 1
24 0 3073802 2 1
24 0 3073809 1 1
24 0 3075146 1 2
24 0 3075183 1 2
24 0 3083050 1 2
24 0 3084169 1 2
24 0 3087486 2 1
24 0 3088390 1 1
24 0 3088750 1 1
24 0 3092082 2 2
24 0 3092919 2 1
24 0 3094313 1 2
24 0 3094362 2 1
24 0 3096030 2 1
24 0 3096149 1 1
24 0 3099092 1 2
24 0 3100222 2 1
24 0 3101356 1 1
24 0 3103130 2 1
24 0 3104660 1 2
24 0 3106168 1 2
24 0 3108676 2 1
24 0 3113185 2 1
24 0 3113206 1 2
24 0 3114431 1 2
24 0 3114581 1 2
24 0 3116003 2 2
24 0 3128041 1 2
24 0 3130332 1 1
24 0 3131130 1 1
24 0 3131987 1 2
24 0 3132369 1 2
24 0 3132856 2 1
24 0 3133986 1 2
24 0 3135508 1 1
24 0 3135628 1 2
24 0 3141706 1 2
24 0 3144439 1 1
24 0 3148878 1 2
24 0 3152166 1 2
24 0 3156494 1 1
24 0 3156723 2 1
24 0 3158108 2 2
24 0 3162722 2 2
24 0 3170210 2 1
24 0 3170709 2 2
24 0 3178029 1 2
24 0 3180521 1 1
24 0 3180598 1 2
24 0 3180602 2 2
24 0 3180660 2 2
24 0 3180661 1 2
24 0 3182371 2 1
24 0 3183550 1 2
24 0 3183559 1 1
24 0 3183677 1 1
24 0 3184437 1 2
24 0 3190288 1 1
24 0 3191386 1 1
24 0 3196037 1 2
24 0 3196964 1 1
24 0 3200188 1 1
24 0 3206217 1 1
24 0 3206390 2 1
24 0 3207993 1 2
24 0 3212915 1 2
24 0 3214403 1 1
24 0 3219484 2 2
24 0 3219485 1 2
24 0 3219653 1 2
24 0 3221853 1 2
24 0 3224941 1 2
24 0 3226425 2 2
24 0 3228609 1 1
24 0 3236405 1 1
24 0 3249743 2 2
24 0 3249996 1 2
24 0 3250325 1 2
24 0 3252506 2 1
24 0 3252661 2 2
24 0 3253678 1 1
24 0 3259365 2 2
24 0 3259374 1 2
24 0 3263033 1 2
24 0 3263208 1 2
24 0 3268144 2 2
24 0 3283520 2 2
24 0 3285709 1 2
24 0 3285763 2 1
24 0 3287034 1 2
24 0 3289029 1 1
24 0 3291884 1 1
24 0 3298203 1 1
24 0 3298220 2 2
24 0 3298222 2 2
24 0 3298655 1 1
24 0 3298830 1 1
24 0 3299163 1 2
24 0 3299191 1 2
24 0 3299231 1 2
24 0 3301230 1 1
24 0 3304052 1 2
24 0 3304597 1 1
24 0 3309965 2 1
24 0 3310252 1 2
24 0 3314733 2 2
24 0 3319418 1 1
24 0 3320483 2 1
24 0 3323842 2 1
24 0 3326971 2 1
24 0 3333819 2 1
24 0 3336915 1 1
24 0 3340971 1 1
24 0 3340972 1 2
24 0 3342511 2 1
24 0 3349816 1 2
24 0 3350004 1 2
24 0 3350017 2 2
24 0 3350059 1 2
24 0 3350181 1 2
24 0 3350214 2 2
24 0 3351954 2 1
24 0 3357934 2 1
24 0 3358677 2 2
24 0 3358687 1 1
24 0 3359167 2 1
24 0 3361990 1 1
24 0 3364665 1 2
24 0 3367354 2 1
24 0 3367602 1 1
24 0 3374167 2 1
24 0 3374420 2 1
24 0 3376190 2 1
24 0 3376257 1 1
24 0 3389660 1 2
24 0 3389868 1 2
24 0 3395851 2 2
24 0 3396245 1 2
24 0 3398110 1 2
24 0 3398309 1 2
24 0 3407736 2 2
24 0 3408663 1 1
24 0 3414061 1 2
24 0 3417999 1 2
24 0 3418028 1 1
24 0 3420085 1 2
24 0 3436660 1 1
24 0 3437912 2 1
24 0 3439613 1 1
24 0 3440897 1 1
24 0 3443647 2 2
24 0 3443734 1 1
24 0 3443991 2 2
24 0 3444833 2 2
24 0 3445186 1 1
24 0 3446034 1 1
24 0 3446071 2 1
24 0 3459999 1 2
24 0 3462718 1 1
24 0 3463046 1 1
24 0 3464999 1 1
24 0 3468023 2 1
24 0 3468117 1 2
24 0 3468378 1 1
24 0 3471569 1 1
24 0 3487722 2 1
24 0 3498191 2 1
24 0 3502287 1 2
24 0 3502824 2 2
24 0 3504369 2 2
24 0 3506055 1 2
24 0 3506086 1 1
24 0 3507089 1 1
24 0 3511201 2 1
24 0 3521953 1 1
24 0 3524492 1 2
24 0 3529578 1 2
24 0 3531940 2 2
24 0 3534546 2 2
24 0 3535736 2 2
24 0 3539443 1 2
24 0 3542893 2 2
24 0 3542896 1 2
24 0 3543559 1 1
24 0 3546216 2 1
24 0 3548683 2 2
24 0 3551681 2 2
24 0 3555583 1 1
24 0 3556556 2 2
24 0 3570930 2 1
24 0 3572316 2 1
24 0 3573471 1 1
24 0 3575964 1 1
24 0 3578442 1 2
24 0 3579130 1 2
24 0 3582890 1 2
24 0 3583083 1 1
24 0 3588397 2 1
24 0 3588401 2 1
24 0 3598345 1 1
24 0 3600272 1 2
24 0 3600322 1 1
24 0 3605970 1 1
24 0 3607252 2 1
24 0 3608296 1 2
24 0 3614534 1 2
24 0 3614597 2 1
24 0 3614728 1 1
24 0 3615849 1 2
24 0 3617318 1 1
24 0 3618949 1 1
24 0 3623463 1 2
24 0 3626577 2 1
24 0 3632842 2 1
24 0 3635222 1 1
24 0 3635469 2 1
24 0 3644651 2 1
24 0 3644780 1 2
24 0 3646184 1 1
24 0 3646196 2 2
24 0 3649231 1 1
24 0 3649295 2 2
24 0 3649441 1 1
24 0 3649446 2 2
24 0 3649447 2 2
24 0 3649489 1 2
24 0 3649512 2 1
24 0 3649560 2 1
24 0 3649586 1 2
24 0 3649594 2 1
24 0 3649658 2 2
24 0 3657428 1 1
24 0 3658262 1 2
24 0 3658294 2 1
24 0 3664217 1 1
24 0 3664375 2 2
24 0 3667037 1 1
24 0 3685639 2 2
24 0 3694375 2 1
24 0 3705812 1 1
24 0 3710623 1 2
24 0 3711740 1 2
24 0 3712003 2 1
24 0 3713822 1 2
24 0 3714419 2 1
24 0 3715463 2 2
24 0 3719057 1 1
24 0 3719223 1 1
24 0 3728100 1 2
24 0 3728639 1 1
24 0 3729993 1 1
24 0 3735895 2 1
24 0 3741492 2 1
24 0 3741913 1 1
24 0 3745917 2 1
24 0 3747401 1 1
24 0 3749992 1 1
24 0 3754398 1 1
24 0 3754402 2 1
24 0 3759313 1 1
24 0 3760704 1 1
24 0 3764696 1 1
24 0 3767271 2 1
24 0 3768671 1 1
24 0 3768917 1 2
24 0 3776553 1 2
24 0 3780548 2 1
24 0 3781830 1 1
24 0 3789584 1 1
24 0 3800572 1 1
24 0 3804824 2 1
24 0 3805485 2 1
24 0 3808825 2 1
24 0 3813620 2 1
24 0 3813753 1 2
24 0 3814282 1 1
24 0 3816213 2 2
24 0 3818938 2 1
24 0 3822347 1 1
24 0 3822349 1 2
24 0 3822350 1 2
24 0 3829256 1 1
24 0 3830820 2 1
24 0 3833581 2 1
24 0 3835839 2 1
24 0 3844534 1 2
24 0 3844900 2 2
24 0 3850083 2 1
24 0 3852808 2 2
24 0 3855495 1 2
24 0 3855980 2 1
24 0 3857900 2 2
24 0 3860037 1 1
24 0 3866812 1 1
24 0 3868685 2 1
24 0 3870613 1 1
24 0 3874342 1 1
24 0 3878278 1 1
24 0 3878524 1 1
24 0 3883068 1 1
24 0 3892530 1 2
24 0 3894442 1 2
24 0 3898431 1 1
24 0 3899400 2 2
24 0 3901651 1 1
24 0 3902562 1 1
24 0 3902573 1 2
24 0 3903839 2 1
24 0 3906958 2 1
24 0 3913410 1 1
24 0 3914133 1 2
24 0 3914163 2 1
24 0 3914195 2 1
24 0 3915422 1 1
24 0 3918659 2 1
24 0 3921646 1 1
24 0 3928482 1 1
24 0 3933662 1 2
24 0 3934070 1 2
24 0 3937993 2 1
24 0 3954265 2 1
24 0 3959399 2 1
24 0 3959409 1 1
24 0 3970339 2 1
24 0 3974449 2 1
24 0 3976091 2 1
24 0 3976774 2 1
24 0 3977322 1 2
24 0 3977453 1 1
24 0 3978041 2 1
24 0 3981208 1 1
24 0 3981258 1 2
24 0 3981259 1 2
24 0 3981272 1 1
24 0 3981326 2 2
24 0 3981338 2 1
24 0 3981354 1 1
24 0 3981389 2 2
24 0 3990177 2 1
24 0 3992355 1 2
24 0 3994709 2 1
24 0 3998213 2 1
24 0 3998865 1 1
24 0 4010054 2 2
24 0 4016691 2 2
24 0 4017481 2 1
24 0 4017513 2 2
24 0 4017684 1 2
24 0 4024943 2 1
24 0 4026643 1 2
24 0 4026713 2 1
24 0 4026871 2 1
24 0 4031835 2 1
24 0 4035679 2 2
24 0 4041286 2 1
24 0 4057439 1 1
24 0 4057925 1 1
24 0 4064428 1 2
24 0 4064808 2 1
24 0 4073040 2 1
24 0 4074718 1 1
24 0 4074860 2 1
24 0 4076242 2 2
24 0 4082853 2 1
24 0 4086696 1 1
24 0 4089675 2 1
24 0 4090817 1 1
24 0 4094967 2 1
24 0 4094971 2 1
24 0 4099749 2 1
24 0 4099786 2 1
24 0 4100388 2 1
24 0 4100838 1 1
24 0 4103940 1 1
24 0 4107275 1 2
24 0 4120672 1 1
24 0 4124851 1 2
24 0 4127228 2 1
24 0 4127855 1 1
24 0 4137160 1 1
24 0 4138642 1 2
24 0 4155182 2 1
24 0 4165669 1 1
24 0 4165736 1 1
24 0 4166136 1 1
24 0 4170826 2 1
24 0 4184457 2 2
24 0 4184759 1 2
24 0 4189055 2 1
24 0 4196433 2 1
24 0 4198325 1 2
24 0 4204695 2 1
24 0 4205979 2 1
24 0 4206376 1 2
24 0 4207257 1 1
24 0 4212304 1 1
24 0 4212306 1 1
24 0 4219139 2 1
24 0 4220387 1 1
24 0 4222006 2 1
24 0 4226315 2 1
24 0 4231156 1 2
24 0 4232739 1 2
24 0 4244172 1 1
24 0 4244175 1 1
24 0 4246151 2 1
24 0 4247487 1 1
24 0 4248370 2 1
24 0 4250922 1 1
24 0 4251235 2 1
24 0 4255052 2 1
24 0 4255835 1 2
24 0 4258349 2 1
24 0 4259481 1 2
24 0 4264259 2 1
24 0 4266374 1 1
24 0 4269088 2 1
24 0 4274562 1 2
24 0 4275814 1 1
24 0 4275820 1 1
24 0 4275830 1 1
24 0 4276074 1 2
24 0 4276901 2 1
24 0 4281663 2 1
24 0 4281795 1 1
24 0 4286819 2 1
24 0 4287616 2 2
24 0 4289056 2 1
24 0 4289301 1 1
24 0 4289987 2 1
24 0 4294454 2 1
24 0 4303756 1 1
24 0 4304632 1 1
24 0 4306086 1 1
24 0 4307701 1 1
24 0 4308012 2 1
24 0 4309899 1 1
24 0 4334492 1 1
24 0 4337931 2 1
24 0 4338395 1 1
24 0 4356049 2 1
24 0 4356156 2 1
24 0 4359572 1 1
24 0 4361963 2 1
24 0 4362838 1 1
24 0 4363897 2 1
24 0 4367038 2 1
24 0 4378327 1 1
24 0 4378875 1 1
24 0 4380388 2 1
24 0 4381971 1 1
24 0 4385570 1 1
24 0 4386243 2 2
24 0 4386803 2 1
24 0 4392025 1 1
24 0 4392326 1 1
24 0 4392334 1 1
24 0 4392740 1 1
24 0 4393485 1 1
24 0 4393502 1 1
24 0 4393895 1 1
24 0 4395293 2 1
24 0 4396075 2 2
24 0 4401019 2 2
24 0 4401189 2 2
24 0 4414113 2 1
24 0 4417130 1 1
24 0 4420405 2 1
24 0 4421708 2 1
24 0 4423018 1 1
24 0 4426513 1 1
24 0 4426552 2 1
24 0 4429162 2 1
24 0 4429958 1 1
24 0 4430077 2 1
24 0 4430128 1 1
24 0 4430220 1 1
24 0 4433664 2 1
24 0 4435258 1 1
24 0 4435334 2 1
24 0 4435351 1 1
24 0 4442929 2 1
24 0 4442939 2 1
24 0 4443264 2 2
24 0 4447198 2 1
24 0 4448106 2 1
24 0 4450893 1 1
24 0 4457972 2 1
24 0 4459110 1 1
24 0 4461781 1 1
24 0 4461994 1 1
24 0 4464369 1 1
24 0 4467746 1 1
24 0 4468998 1 2
24 0 4470113 1 1
24 0 4478270 2 1
24 0 4478324 1 1
24 0 4478679 1 1
24 0 4481039 1 1
24 0 4488087 1 1
24 0 4495275 1 1
24 0 4496453 1 1
24 0 4499627 2 1
24 0 4500811 1 1
24 0 4503908 2 1
24 0 4506531 1 1
24 0 4513804 1 1
24 0 4516339 2 1
24 0 4518342 1 1
24 0 4526845 1 1
24 0 4529886 1 1
24 0 4535106 2 1
24 0 4535107 2 1
24 0 4538593 1 1
24 0 4544142 1 1
24 0 4547692 1 1
24 0 4553271 1 1
24 0 4557263 1 1
24 0 4581177 1 1
24 0 4581508 1 1
24 0 4582091 2 1
24 0 4582528 2 1
24 0 4594448 1 1
24 0 4600704 1 1
24 0 4600873 1 1
24 0 4600941 1 1
24 0 4619407 1 1
24 0 4620401 1 1
24 0 4629408 1 1
24 0 4630852 2 1
24 0 4634030 2 1
24 0 4635751 2 1
24 0 4641862 2 1
24 0 4644047 1 1
24 0 4644053 2 1
24 0 4644238 1 1
24 0 4645902 2 2
24 0 4654075 1 2
24 0 4656804 2 1
24 0 4668305 1 1
24 0 4668653 1 2
24 0 4669990 1 1
24 0 4669991 1 1
24 0 4675476 1 1
24 0 4677739 2 1
24 0 4678516 2 1
24 0 4678519 1 1
24 0 4684844 2 1
24 0 4690502 1 1
24 0 4703935 1 2
24 0 4706578 1 1
24 0 4708169 2 1
24 0 4709889 2 1
24 0 4712982 1 2
24 0 4713223 2 1
24 0 4713919 1 1
24 0 4729334 2 1
24 0 4729712 1 1
24 0 4732620 2 1
24 0 4732992 2 1
24 0 4736302 1 1
24 0 4737661 1 1
24 0 4739228 1 1
24 0 4739973 1 1
24 0 4739974 1 1
24 0 4739981 1 2
24 0 4739982 1 2
24 0 4739984 2 1
24 0 4739985 2 1
24 0 4739987 1 2
24 0 4747943 1 1
24 0 4772000 1 1
24 0 4785695 1 1
24 0 4785781 2 1
24 0 4790395 1 2
24 0 483034 2 1
24 0 546237 2 1
25 0 116583 1 2
25 0 1198258 1 1
25 0 137368 1 1
25 0 1431604 2 2
25 0 1431605 1 1
25 0 1501070 2 2
25 0 1513529 1 2
25 0 1569901 1 2
25 0 1764909 1 2
25 0 1994040 1 2
25 0 2246197 1 1
25 0 2362581 2 1
25 0 2362634 2 2
25 0 2490806 1 2
25 0 2572025 1 2
25 0 2638655 2 1
25 0 2653467 2 1
25 0 2687595 1 1
25 0 2695205 1 1
25 0 2705817 1 1
25 0 2725796 2 2
25 0 2735158 2 2
25 0 2747397 2 2
25 0 2771783 2 1
25 0 2788576 1 2
25 0 2834679 2 1
25 0 2838746 2 2
25 0 2850548 2 1
25 0 2875732 2 2
25 0 2877526 2 1
25 0 2884443 1 2
25 0 2884445 1 2
25 0 2896398 2 2
25 0 2911532 1 2
25 0 2922313 1 2
25 0 2947005 1 1
25 0 2963922 1 2
25 0 3000913 1 2
25 0 3006380 1 2
25 0 3024037 1 2
25 0 3051175 2 1
25 0 3071350 1 1
25 0 3072743 1 2
25 0 3090750 1 2
25 0 3094378 1 1
25 0 3109340 1 2
25 0 3124226 1 2
25 0 3130969 2 2
25 0 3141157 1 2
25 0 3157010 1 2
25 0 3158856 1 2
25 0 3201110 1 2
25 0 3215351 1 2
25 0 3242016 1 1
25 0 3249176 2 2
25 0 3250333 1 2
25 0 3262508 1 2
25 0 3267401 1 2
25 0 3283520 2 1
25 0 3287133 1 2
25 0 3303022 2 1
25 0 3324990 2 2
25 0 3356717 2 2
25 0 3370314 1 1
25 0 3373212 1 2
25 0 3375013 1 2
25 0 3386567 2 1
25 0 3388294 1 2
25 0 3402013 2 2
25 0 3409398 1 1
25 0 3418896 1 2
25 0 3433319 2 2
25 0 3438861 2 2
25 0 3458640 1 1
25 0 3466875 2 1
25 0 3466882 1 1
25 0 3492809 1 1
25 0 3492814 1 2
25 0 3492818 1 1
25 0 3502525 2 1
25 0 3515503 1 1
25 0 3516980 2 2
25 0 3518984 1 2
25 0 3523516 2 2
25 0 3557580 2 2
25 0 3557702 1 2
25 0 3564268 1 1
25 0 3580134 1 2
25 0 3582523 1 1
25 0 3596657 1 1
25 0 3596667 1 1
25 0 3598665 1 1
25 0 3610119 1 2
25 0 3631798 1 1
25 0 3636767 2 2
25 0 3652753 1 1
25 0 3656713 1 1
25 0 3693438 1 2
25 0 3694800 2 2
25 0 3703452 1 1
25 0 3721903 1 1
25 0 3732344 1 2
25 0 3738362 2 2
25 0 3748456 1 1
25 0 3763648 1 2
25 0 3769383 1 2
25 0 3771218 2 1
25 0 3780486 1 2
25 0 3792591 1 1
25 0 3820465 1 1
25 0 3823568 2 1
25 0 3825152 2 1
25 0 3833498 1 2
25 0 3868695 1 1
25 0 3870092 1 2
25 0 3872084 1 2
25 0 3876306 1 2
25 0 3904170 1 2
25 0 3912619 1 2
25 0 3913401 1 2
25 0 3914350 1 1
25 0 3920415 2 2
25 0 3928256 2 2
25 0 3930872 2 2
25 0 3952407 1 2
25 0 3958649 1 1
25 0 3963742 2 2
25 0 3963747 1 2
25 0 3987421 1 2
25 0 4010633 1 2
25 0 4015036 2 2
25 0 4028296 2 2
25 0 4036718 2 1
25 0 4101191 2 2
25 0 4101194 1 2
25 0 4101195 2 2
25 0 4107539 1 2
25 0 4109035 1 1
25 0 4113670 2 2
25 0 4144316 1 1
25 0 4157480 1 2
25 0 4181278 1 1
25 0 4231552 1 2
25 0 4234996 2 2
25 0 4279701 1 2
25 0 4291005 1 1
25 0 4293292 1 2
25 0 4294145 1 2
25 0 4296814 2 1
25 0 4310414 2 2
25 0 4338735 2 1
25 0 4339707 1 1
25 0 434512 1 1
25 0 4352418 1 2
25 0 4359491 1 2
25 0 4366633 1 2
25 0 4374095 1 2
25 0 4376962 2 2
25 0 4381884 2 1
25 0 4387610 1 2
25 0 4392449 2 2
25 0 4401508 1 1
25 0 4413833 1 2
25 0 4427946 1 2
25 0 4428862 1 1
25 0 4441383 1 2
25 0 4442691 2 1
25 0 4446474 1 2
25 0 4450566 1 1
25 0 4453487 1 1
25 0 4459615 1 1
25 0 4476438 2 2
25 0 4480946 2 2
25 0 4483636 2 2
25 0 4486121 2 2
25 0 4493698 2 1
25 0 4494571 2 1
25 0 4501539 1 1
25 0 4508386 1 1
25 0 4524944 1 1
25 0 4527812 2 2
25 0 4541699 2 2
25 0 4546030 2 2
25 0 4549543 1 2
25 0 4559085 1 1
25 0 4564953 2 2
25 0 4569775 2 2
25 0 4578933 1 1
25 0 4579931 1 2
25 0 4591503 1 2
25 0 4599417 1 2
25 0 4599466 1 2
25 0 4605939 2 2
25 0 4613404 2 1
25 0 4616774 1 2
25 0 4620024 1 1
25 0 4630199 1 2
25 0 4632936 1 2
25 0 4650955 2 1
25 0 4651411 1 2
25 0 4654887 2 1
25 0 4661965 2 2
25 0 4670966 1 2
25 0 4673375 1 2
25 0 4685986 1 2
25 0 4688652 1 2
25 0 4693081 1 2
25 0 4735530 1 2
25 0 4739323 1 1
25 0 4756228 1 2
25 0 4759971 1 2
25 0 4775788 1 1
25 0 4775818 1 1
25 0 4776061 2 2
25 0 4778540 2 2
25 0 4801382 1 2
25 0 522822 2 2
25 0 522829 1 2
25 0 523839 2 1
26 0 1501070 2 1
26 0 1501092 2 1
26 0 1502045 1 2
26 0 1502054 1 1
26 0 1569901 1 2
26 0 1994040 1 2
26 0 2246197 1 1
26 0 2448669 1 1
26 0 2464755 2 2
26 0 2490806 1 2
26 0 2659603 1 1
26 0 2735158 1 2
26 0 2768583 1 1
26 0 2774585 1 1
26 0 2778565 2 1
26 0 2785945 1 1
26 0 2788576 1 2
26 0 2790130 1 1
26 0 2822139 1 2
26 0 2826738 1 2
26 0 2830978 1 2
26 0 2859336 2 1
26 0 2875732 1 1
26 0 2884443 1 1
26 0 2884444 2 2
26 0 2884445 1 2
26 0 2994115 1 2
26 0 3009612 1 1
26 0 3018269 2 1
26 0 3023273 1 2
26 0 3024037 1 2
26 0 3032185 1 1
26 0 3049181 1 2
26 0 3072743 1 2
26 0 3090750 1 2
26 0 3109644 1 1
26 0 3124226 1 1
26 0 3147049 2 2
26 0 3148817 1 1
26 0 3157010 1 2
26 0 3158856 1 1
26 0 3198586 1 1
26 0 3201110 1 1
26 0 3258766 2 1
26 0 3262493 1 2
26 0 3267401 1 2
26 0 3301113 1 2
26 0 3318894 1 2
26 0 3347892 1 2
26 0 3362139 1 2
26 0 3364155 2 1
26 0 3373212 1 2
26 0 3388294 1 2
26 0 3418896 1 2
26 0 3418897 2 2
26 0 3429082 2 1
26 0 3432010 2 1
26 0 3466826 2 2
26 0 3466855 1 2
26 0 3492811 1 1
26 0 3492814 1 2
26 0 3516003 1 2
26 0 3518984 1 2
26 0 3554518 1 1
26 0 3557702 1 2
26 0 3563302 1 2
26 0 3573168 1 1
26 0 3578672 1 2
26 0 3639220 1 2
26 0 3647286 2 2
26 0 3665125 1 1
26 0 3717427 2 2
26 0 3721274 1 2
26 0 3722377 1 2
26 0 3730751 2 1
26 0 3732344 1 2
26 0 3780486 1 2
26 0 3833498 1 2
26 0 3872084 1 2
26 0 3904170 1 2
26 0 3913401 2 2
26 0 3914350 1 2
26 0 4032312 1 1
26 0 4061435 2 1
26 0 4095417 2 1
26 0 4101191 2 1
26 0 4107241 1 2
26 0 4114331 2 1
26 0 4126765 1 1
26 0 4265383 1 1
26 0 4283117 1 2
26 0 4290747 1 1
26 0 4346884 2 2
26 0 4347210 1 1
26 0 4422295 2 1
26 0 4517830 1 1
26 0 4527570 2 1
26 0 4586008 2 2
26 0 4607964 2 1
26 0 4625957 2 2
26 0 4630199 1 2
26 0 4651411 2 1
26 0 4670966 1 2
26 0 4685986 1 1
26 0 4688652 1 2
26 0 4691094 2 1
26 0 4715858 1 2
26 0 4726489 2 1
26 0 4756228 1 1
26 0 4759856 1 1
26 0 4759971 1 2
26 0 4771860 1 2
26 0 4776061 2 1
27 0 2291314 1 2
27 0 2769363 1 2
27 0 3026928 1 2
27 0 3047849 1 2
27 0 3053800 1 2
27 0 3209993 1 2
27 0 3214503 1 2
27 0 3303750 1 2
27 0 3469804 1 2
27 0 4066315 1 2
27 0 4086224 1 2
27 0 4527793 1 2
27 0 4727658 1 2
28 0 1201155 2 1
28 0 1360671 1 2
28 0 1475885 1 1
28 0 1624832 2 1
28 0 1624845 1 1
28 0 1993967 2 1
28 0 1993984 1 1
28 0 2194709 1 1
28 0 2275746 2 2
28 0 2386363 1 1
28 0 2447612 1 2
28 0 2526415 1 1
28 0 2595884 2 1
28 0 2627238 2 2
28 0 2654482 2 1
28 0 2698873 2 1
28 0 2698968 2 1
28 0 2702045 1 1
28 0 2747404 2 1
28 0 2769390 1 2
28 0 2784974 2 2
28 0 2785867 2 2
28 0 2790183 2 1
28 0 2820437 2 1
28 0 2852733 1 2
28 0 2893761 1 2
28 0 2904294 2 1
28 0 2922321 1 1
28 0 2922325 1 2
28 0 2941787 1 2
28 0 2945205 2 2
28 0 2995092 1 1
28 0 3015785 1 1
28 0 3026197 1 1
28 0 3035779 1 1
28 0 3069387 1 1
28 0 3078282 1 1
28 0 3108636 1 1
28 0 3108704 1 2
28 0 3108705 1 1
28 0 3146403 2 1
28 0 3168453 1 1
28 0 3227138 1 1
28 0 3227155 1 2
28 0 3236147 1 2
28 0 3236360 2 1
28 0 3237197 1 2
28 0 3250341 2 1
28 0 3252886 2 1
28 0 3259311 1 1
28 0 3262315 1 1
28 0 3286730 1 1
28 0 3304644 1 1
28 0 3309437 2 1
28 0 3314981 1 1
28 0 3341458 1 2
28 0 3352107 2 2
28 0 3354358 1 1
28 0 3360867 2 1
28 0 3362206 2 1
28 0 3366298 2 1
28 0 3371947 2 1
28 0 3374026 1 1
28 0 3390077 1 1
28 0 3391861 2 2
28 0 3413081 2 1
28 0 3415803 1 1
28 0 3429740 2 2
28 0 3439282 2 2
28 0 3449435 1 1
28 0 3457843 1 1
28 0 3487336 1 1
28 0 3489869 2 1
28 0 3503825 1 2
28 0 3507033 1 1
28 0 3511494 2 2
28 0 3513207 2 1
28 0 3513212 2 2
28 0 3526517 1 2
28 0 3531947 2 1
28 0 3552672 2 1
28 0 3586144 1 1
28 0 3601013 2 1
28 0 3613943 1 1
28 0 3622854 2 2
28 0 3627718 1 1
28 0 3630315 1 1
28 0 3651182 2 1
28 0 3651980 1 1
28 0 3654111 2 1
28 0 3697786 1 2
28 0 3722379 2 1
28 0 3728612 1 1
28 0 3729987 1 1
28 0 3738340 1 1
28 0 3745660 2 1
28 0 3751465 1 1
28 0 3751751 2 1
28 0 3784965 1 1
28 0 3793470 1 2
28 0 3795182 2 2
28 0 3810197 1 2
28 0 3820482 2 1
28 0 3827007 2 2
28 0 3840368 2 1
28 0 3841469 1 1
28 0 3905384 1 1
28 0 3915494 2 1
28 0 3929813 1 1
28 0 3958605 2 1
28 0 3959329 2 2
28 0 3959428 2 1
28 0 3970722 1 2
28 0 3981409 1 1
28 0 3987151 1 2
28 0 3987436 1 1
28 0 3990128 1 1
28 0 3998850 1 2
28 0 4017462 1 1
28 0 4017518 1 2
28 0 4025450 1 1
28 0 4031362 2 1
28 0 4043626 2 1
28 0 4046243 1 2
28 0 4079648 1 1
28 0 4081163 2 1
28 0 4101590 1 2
28 0 4102990 1 1
28 0 4127969 1 2
28 0 4130884 1 1
28 0 4143542 2 1
28 0 4149772 2 1
28 0 4160620 1 2
28 0 4166862 2 1
28 0 4178520 1 1
28 0 4184769 1 1
28 0 4189305 2 1
28 0 4197177 2 1
28 0 4198650 1 2
28 0 4207378 2 1
28 0 4214940 1 1
28 0 4219139 1 2
28 0 4253634 1 2
28 0 4274140 2 1
28 0 4276324 1 1
28 0 4287424 2 1
28 0 4295862 1 2
28 0 4306066 2 1
28 0 4310420 2 2
28 0 4323829 1 1
28 0 4336731 1 1
28 0 4391182 1 1
28 0 4391998 1 1
28 0 4398121 2 1
28 0 4421974 1 1
28 0 4423243 1 2
28 0 4423276 2 1
28 0 4435317 1 1
28 0 4435406 2 1
28 0 4435984 2 2
28 0 4436265 1 1
28 0 4446280 2 1
28 0 4452779 1 1
28 0 4461667 2 1
28 0 4462488 2 1
28 0 4464049 2 1
28 0 4471748 2 1
28 0 4488355 2 1
28 0 4496477 1 1
28 0 4508078 1 1
28 0 4532131 1 2
28 0 4535002 2 2
28 0 4554498 1 2
28 0 4568628 1 2
28 0 4578030 1 2
28 0 4579957 1 1
28 0 4592725 2 1
28 0 4594082 2 1
28 0 4602853 1 2
28 0 4604673 1 1
28 0 4612236 2 1
28 0 4616719 1 2
28 0 4616775 2 2
28 0 4631331 1 2
28 0 4641557 2 1
28 0 4652425 2 2
28 0 4652732 2 1
28 0 4656238 1 1
28 0 4669608 1 2
28 0 4672113 1 1
28 0 4675753 1 1
28 0 4676670 1 1
28 0 4680175 1 1
28 0 4683151 1 1
28 0 4694735 1 1
28 0 4696211 2 2
28 0 4707304 1 1
28 0 4712435 1 2
28 0 4712557 1 1
28 0 4721048 2 1
28 0 4738471 1 2
28 0 4740530 2 2
28 0 4743601 1 2
28 0 4750735 2 1
28 0 4752263 2 2
28 0 4752697 1 1
28 0 4756468 1 1
28 0 4766665 1 1
28 0 4779029 1 1
28 0 4789831 2 2
28 0 4798841 2 1
28 0 4798939 2 2
29 0 1199622 1 1
29 0 1208954 1 1
29 0 1464381 1 1
29 0 1533805 1 1
29 0 1538593 1 1
29 0 1594576 1 2
29 0 1868965 1 2
29 0 1906752 1 1
29 0 2330030 1 2
29 0 2374879 1 1
29 0 2627612 2 1
29 0 2649867 1 1
29 0 2662808 1 1
29 0 2668105 1 2
29 0 2681453 1 1
29 0 2700448 1 1
29 0 2719183 1 1
29 0 2741459 1 1
29 0 2860576 1 2
29 0 2893122 1 1
29 0 2939327 1 1
29 0 2954734 1 1
29 0 3039013 1 1
29 0 3072304 1 1
29 0 3075397 2 1
29 0 3083323 1 1
29 0 3092131 1 2
29 0 3099744 1 1
29 0 3100084 1 1
29 0 3123188 2 1
29 0 3160381 2 1
29 0 3206363 1 1
29 0 3216874 1 1
29 0 3220036 1 2
29 0 3270219 1 1
29 0 3279485 1 1
29 0 3289849 1 1
29 0 3443459 1 1
29 0 3463037 1 1
29 0 3463380 1 1
29 0 3467250 2 1
29 0 3492401 1 1
29 0 3529334 1 1
29 0 3534605 1 1
29 0 3535733 1 2
29 0 3537555 1 2
29 0 3563697 1 2
29 0 3591538 2 2
29 0 3628143 1 1
29 0 3633019 1 1
29 0 3639087 1 1
29 0 3643237 1 1
29 0 3667448 1 1
29 0 3675504 1 1
29 0 3765308 2 2
29 0 3765544 1 1
29 0 3784922 1 2
29 0 3848422 1 1
29 0 3849377 2 1
29 0 3869779 2 1
29 0 3877378 2 1
29 0 3920435 1 1
29 0 3938401 1 1
29 0 3944742 1 2
29 0 3968083 2 1
29 0 4035488 1 1
29 0 4040136 1 1
29 0 4054972 1 1
29 0 4126534 1 2
29 0 4212718 1 2
29 0 4215823 1 1
29 0 4233073 2 1
29 0 4243719 1 1
29 0 4265083 2 1
29 0 4286844 1 1
29 0 4295887 1 1
29 0 4346107 1 1
29 0 4349950 1 1
29 0 4354471 1 2
29 0 4416110 2 1
29 0 4470587 1 1
29 0 4482435 1 1
29 0 4486374 1 1
29 0 4532011 1 1
29 0 4532019 1 1
29 0 4541726 2 2
29 0 4550327 1 1
29 0 4555978 1 1
29 0 4563085 1 1
29 0 4581420 1 1
29 0 4581488 1 1
29 0 4584017 1 2
29 0 4590408 1 1
29 0 4619990 2 1
29 0 4620844 1 1
29 0 4627403 1 2
29 0 4628606 1 1
29 0 4629756 1 2
29 0 4629758 2 1
29 0 4635093 1 2
29 0 4635174 1 1
29 0 4635949 2 1
29 0 4643073 1 1
29 0 4663861 1 1
29 0 4664921 2 1
29 0 4667900 2 1
29 0 4674980 1 2
29 0 4676151 1 1
29 0 4678631 1 2
29 0 4686227 1 2
29 0 4686637 1 2
29 0 4697914 2 1
29 0 4702317 1 1
29 0 4729713 1 1
29 0 4740484 2 1
29 0 4772910 1 2
29 0 4778330 1 1
29 0 543572 1 1
30 0 1550937 1 2
30 0 1977847 1 1
30 0 2291330 1 1
30 0 2726557 1 1
30 0 2769284 1 1
30 0 2771830 1 1
30 0 2847962 1 2
30 0 2884443 1 1
30 0 2931406 1 2
30 0 3169500 1 1
30 0 3181843 2 1
30 0 3333390 1 1
30 0 3391856 1 1
30 0 3757857 2 1
30 0 3791632 1 1
30 0 3820465 2 2
30 0 3985540 1 2
30 0 4007782 2 1
30 0 4010055 1 2
30 0 4062374 1 1
30 0 4070465 1 1
30 0 4079636 2 1
30 0 4108729 2 1
30 0 4133645 2 1
30 0 4150522 1 1
30 0 4245158 1 2
30 0 4257026 1 1
30 0 4283620 1 1
30 0 4310436 1 1
30 0 4323768 2 1
30 0 4323786 1 1
30 0 4323829 2 1
30 0 4327181 1 1
30 0 4383326 1 1
30 0 4527798 1 2
30 0 4606151 1 1
30 0 4621677 1 1
30 0 4675644 1 1
30 0 4696333 2 1
30 0 4745141 1 1
