1131908
1750992
2481453
2526415
2577108
2702049
2740091
2769390
2803871
2850185
2988937
2990396
2995092
2999735
3014590
3081857
3113160
3124140
3132123
3140176
3180658
3194090
3205774
3256225
3284077
3286730
3289029
3299279
3350036
3354358
3363052
3363058
3371901
3407781
3429734
3429740
3429741
3429742
3471405
3503351
3518074
3526517
3535727
3551437
3557730
3572955
3584831
3608256
3613943
3635127
3649508
3715331
3716978
3725433
3763584
3797929
3855220
3907202
3959352
3959928
3981409
3981435
3990128
3990148
3999026
4017462
4020130
4056027
4058852
4070603
4130891
4137735
4140002
4154932
4155089
4175623
4180205
4189074
4207378
4212306
4219139
4227380
4248584
4275832
4290653
4300344
4302625
4309677
4359939
4413863
4414754
4435309
4435403
4435406
4440284
4446460
4462464
4471306
4480181
4521113
4529650
4532108
4554498
4556920
4566314
4575013
4593448
4601954
4604673
4612748
4612755
4625701
4625821
4631331
4640374
4651414
4659952
4678475
4724023
4725400
4736815
4748192
4754525
4768653
4770549
4791644
4798841
4798933
2740164
2759595
2759599
2767143
2911928
2917564
2981898
3087225
3092498
3134022
3169987
3170801
3180441
3214747
3235307
3242950
3261383
3295703
3298517
3318264
3338223
3360183
3377140
3382155
3479894
3495212
3506841
3528042
3753755
3940987
4404766
4427957
4494722
4525462
1036271
1065094
1156895
125316
2249616
2526068
2556667
2565068
2577109
2635358
2672256
2687610
270697
2763138
2765633
2804020
2820226
2840933
2842888
2843714
2843839
2876747
2887145
2888329
2899863
2939498
2987304
3053378
3104646
3109782
3109793
3180153
3200192
3205785
3221973
3228238
3229087
3237266
3247108
3254238
3284177
3307996
3312358
3318852
3338238
3354941
3358187
3362964
3371576
3373052
3376137
3396250
3414444
3426475
3481701
3483665
3488377
3505772
3522482
3539373
3544066
3546010
3546560
3556696
3557872
3565908
3576492
3630912
3662630
3665061
3672412
3673351
3679010
3722976
3741079
3743519
3785334
3808825
3826854
3841330
3884710
3892609
3903623
3916366
3916372
3916373
3916382
3943129
3943131
3964641
3986828
3994662
4000140
4031877
4056524
4057416
4089585
4092055
4111645
4120759
4129442
4136371
4158638
4162386
4166876
4182685
4194386
4225728
4231703
4277161
4286984
4289239
4296499
4307707
4316598
4334314
4337692
4347958
4391931
4396454
4399411
4427370
4435405
4460115
4471255
4487405
4491276
4501434
4509542
4519607
4570603
4598129
4601161
4606901
4607768
4619625
4666222
4672604
4676347
4676442
4697073
4716281
4734542
4735082
4745868
4756185
4762789
4771845
4771874
4800461
503388
544349
1459158
2529301
2700561
2769425
2835690
2836993
2989526
3047842
3199125
3212425
3252886
3406277
3490454
3570241
4005623
4100853
4241333
4431985
1397848
1413549
1550946
1570456
1821031
1936425
2133286
2138862
2175052
2390581
2672801
2680832
2695191
2700454
2707150
2714572
2732457
2769394
2802352
2804000
2808596
2862516
2876707
2878709
2887203
2893430
2911691
2943190
2989655
3085066
3118372
3124326
3170633
3177592
3177593
3179729
3205006
3206111
3219397
3219759
3265990
3279485
3279680
3322186
3322781
3337385
3388422
3449432
3506076
3522406
3529714
3560221
3610129
3616179
3674684
3728139
3734890
3751499
3775210
3789906
3884115
3920447
4010004
4075808
4083727
4096672
4105837
4148341
4272454
4317064
4347759
4358709
4375738
4406689
4514331
4517711
4525785
4528890
4544810
4549099
4556185
4575933
4582879
4600341
4628679
4635095
4636101
4647554
4653927
4663880
4681960
4681963
4714524
4734536
4745185
4745348
4760950
4775775
1533809
1579209
1769384
1851966
1910597
2222670
2360257
2442185
2503992
2577108
2600648
2627244
2633451
2693653
2703746
2722154
2727973
2740148
2769390
2779396
2784504
2784508
2784509
2803897
2841412
2843666
2881112
2924713
2933631
2964604
2976516
2990396
2999735
3003235
3015383
3015453
3019077
3073787
3075172
3075195
3083339
3094361
3124986
3218129
3226328
3227160
3286730
3307995
3343155
3352193
3359430
3369502
3372806
3391844
3398075
3471405
3539617
3599389
3613943
3628491
3635692
3649171
3649195
3649219
3649501
3652046
3677639
3678054
3705136
3729987
3730191
3734158
3753744
3763584
3766223
3789899
3823417
3868683
3891416
3899548
3907196
3959677
3964262
3977092
3979172
4007236
4034531
4055825
4058852
4070603
4070608
4099337
4101224
4105947
4130881
4159641
4170704
4197508
4210454
4212304
4212306
4217370
4241312
4260110
4261136
4283714
4302363
4306086
4324866
4353932
4355865
4357088
4410518
4411816
4423320
4435308
4435363
4450987
4453035
4461673
4522416
4531600
4531919
4554168
4568595
4575003
4582536
4612748
4632256
4644904
4669990
4669991
4676377
4706943
4707812
4735097
4751000
4751007
4751014
4773527
4785692
1351192
1560153
2376777
2423594
2423877
2448556
2569922
2572047
2687573
2734930
2740064
2778833
2779365
2779368
2779393
2783150
2799065
2803988
2841416
2867990
2923793
2936924
2939404
2982972
2988304
3015453
3015637
3021298
3073782
3075191
3144439
3166675
3168462
3199054
3215644
3269105
3280479
3343155
3467606
3471415
3524190
3678697
3730191
3789705
3830462
3860017
3860022
3860433
3878513
3899548
3902562
3964275
3982352
3982354
4026643
4050073
4052052
4067920
4070603
4070608
4097564
4107321
4150433
4208387
4212304
4212306
4237072
4306086
4311366
4327325
4337140
4352736
4357088
4397033
4435288
4513750
4531617
1168874
1190215
1252725
1325029
1522059
153547
1555610
1784589
1784615
1784634
1794136
1838898
184457
1847805
1852683
1939858
1977721
2110886
2133578
2222165
2246062
2259311
2263061
2267812
2270810
2350138
2358951
2364329
2364668
2364669
2385144
2390581
2395266
2440389
2448231
2448477
2448643
2448755
2448778
2453103
2515635
2516569
2570808
2571050
2579302
2583986
2596110
2599446
2602738
2606826
2613584
2613586
2613587
2613589
2615040
2615365
2621128
2621138
2632987
2646781
2653463
2655724
2657150
2671126
2672220
2672245
2672256
2672258
2672279
2672301
2685809
2693808
2699725
2700443
2700584
2700664
2700675
2701178
2703251
2703261
2717463
2726526
2726540
2732146
2737786
2740226
2740253
2744681
2744702
2757016
2766385
2767137
2768194
2769395
2769401
2769482
2772006
2772253
2782204
2784387
2791734
2791738
2792735
2797382
2798987
2799642
2804582
2806394
2816301
2827049
2827491
2827521
2827523
2829597
2837179
2838910
2843727
2850861
2853556
2858844
2860446
2862151
2862516
2862666
2868861
2874368
2875419
2875525
2878351
2884340
2886001
2896860
2900052
2903515
2908674
2910885
2913953
2915976
2921813
2923178
2928362
2932866
2936313
2938501
2943705
2945636
2956727
2963121
2963125
2963920
2966589
2970786
2970797
2972296
2984286
2990891
2991281
2991647
2994123
3005638
3005645
3005749
3006050
3015663
3017683
3018580
3018959
3018974
3021866
3024344
3027455
3029371
3032190
3039221
3043098
3043757
3045099
3046828
3048009
3050775
3052713
3054634
3063206
3064039
3064596
3066409
3072178
3075530
3075814
3078095
3081498
3085221
3090992
3094683
3096610
3099610
3099618
3106392
3108653
3111156
3114322
3114347
3114724
3116681
3118064
3119963
3120181
3131115
3136066
3138092
3138479
3139186
3144771
3148552
3148597
3161209
3162708
3162717
3167143
3167972
3168770
3172643
3175218
3176209
3177732
3177735
3177908
3177926
3180936
3180943
3181779
3181964
3193777
3195536
3198645
3200149
3201693
3205536
3206356
3210086
3215545
3219001
3219015
3219306
3222264
3224469
3226616
3227383
3230093
3230134
3235891
3236149
3236407
3238402
3241204
3245265
3245499
3248865
3257674
3259493
3262143
3272661
3272870
3275120
3276950
3282288
3283062
3283078
3285531
3289784
3294394
3296145
3298213
3299165
3299229
3302717
3302764
3306902
3306951
3309456
3316462
3317697
3328752
3329089
3335484
3335556
3335596
3335608
3335727
3335813
3336240
3338222
3340966
3341448
3341450
3345112
3348033
3349605
3350044
3354841
3354931
3354932
3354995
3355001
3357198
3361784
3363530
3364630
3366228
3378123
3380126
3384898
3385360
3387584
3388689
3389406
3397676
3398080
3401259
3402314
3403873
3403882
3409520
3409922
3409923
3410157
3410685
3411456
3411676
3415106
3420487
3420498
3420708
3424659
3428413
3430912
3437102
3456478
3458880
3460024
3464619
3467236
3468768
3470081
3475637
3475895
3476910
3477709
3478543
3479233
3485486
3488330
3489837
3489854
3493829
3493833
3493842
3499152
3502786
3504343
3504539
3507614
3508114
3510936
3510957
3512623
3513828
3514205
3514247
3515943
3518295
3519599
3521122
3526500
3531481
3533948
3534526
3535796
3536049
3537269
3538628
3541550
3542889
3542891
3543221
3548075
3556415
3556762
3556918
3561386
3565202
3568875
3569973
3573078
3577505
3579041
3582420
3582425
3583672
3585705
3588181
3595671
3596679
3596750
3598174
3600218
3603018
3608938
3611086
3613752
3614763
3614797
3616759
3618061
3626556
3628456
3631818
3632172
3633328
3634172
3640235
3644500
3645684
3649700
3653528
3653538
3657078
3659876
3659883
3661466
3661848
3665256
3667286
3674006
3674680
3682234
3687642
3690831
3692029
3693122
3693663
3693668
3695670
3697146
3699412
3701921
3702068
3703132
3710227
3710610
3712881
3712942
3713581
3713586
3714066
3714509
3714830
3728865
3741701
3743353
3743357
3747917
3748663
3751385
3751791
3753733
3754936
3758842
3759690
3765855
3766204
3778607
3781531
3781533
3784143
3784865
3786973
3787028
3788158
3789904
3789917
3793435
3799716
3806430
3809300
3810741
3811799
3816914
3820631
3821232
3822306
3822737
3826525
3836113
3842274
3842695
3844599
3848518
3848715
3849150
3849865
3850005
3850113
3850502
3853160
3853879
3856144
3858698
3859211
3866090
3867373
3867862
3871037
3872700
3872880
3872881
3872882
3872885
3872889
3872892
3872896
3872902
3872907
3872909
3874333
3875609
3876300
3876669
3877949
3877995
3883204
3884170
3884537
3885222
3886087
3888670
3889322
3890401
3892570
3894714
3898207
3898248
3916582
3922305
3923437
3923567
3924004
3928878
3930028
3931387
3937174
3941352
3943445
3956867
3957521
3963199
3963307
3963313
3966448
3968599
3970253
3973169
3975316
3975318
3978404
3978666
3978932
3986742
3989779
3989942
3990370
3994933
4005152
4009561
4010029
4014912
4019273
4020538
4020724
4021202
4022358
4026053
4027092
4030125
4030466
4036081
4037575
4046592
4046608
4055099
4057620
4059335
4064773
4064777
4071634
4074943
4076647
4078139
4084360
4085289
4086000
4086020
4086731
4087234
4089555
4093448
4094861
4096731
4100140
4107688
4110985
4111892
4113203
4129843
4130712
4132254
4138907
4142466
4142543
4144077
4145388
4149461
4150142
4151650
4158140
4162961
4164149
4165945
4165953
4169854
4173582
4178173
4180894
4183768
4184539
4192303
4194749
4197247
4206354
4207202
4209073
4211690
4219900
4221522
4222685
4227445
4229789
4229792
4232006
4234228
4234994
4235503
4236923
4237121
4239142
4240338
4242601
4246136
4247150
4248158
4251280
4255967
4258242
4258244
4258315
4268837
4269648
4276081
4278807
4283855
4284992
4286757
4286859
4286908
4287196
4287470
4292667
4299743
4302593
4308584
4313585
4315664
4332755
4334054
4334074
4335660
4339940
4341229
4345750
4351431
4352458
4352732
4355117
4361953
4367055
4371177
4375701
4377761
4378596
4379344
4380381
4381376
4382206
4383519
4384342
4384383
4384852
4386092
4386805
4389308
4389334
4393898
4394912
4395083
4397033
4400552
4403912
4407043
4413367
4413392
4413546
4417573
4421247
4421620
4421659
4426147
4426157
4428177
443509
4442643
4442839
4446511
4449921
4457096
4462439
4462458
4465706
4475296
4477493
4487387
4488998
4491277
4491477
4496433
4496434
4499109
4500977
4502630
4508353
4513334
4514733
4515239
4515284
4518152
4521479
4522577
4525754
4528901
4529265
4534424
4540039
4547135
4549487
4553975
4566352
4569379
4570165
4575290
4575750
4578500
4580314
4581011
4582517
4584104
4600155
4601179
4602529
4606387
4606445
4607293
4609317
4612476
4616424
4623238
4624796
4627548
4634240
4634540
4634581
4641236
4649576
4649720
4650806
4651641
4652726
4653859
4654878
4661477
4662712
4664130
4665611
4667560
4671387
4673799
4677021
4678060
4678538
4691519
4691631
4691977
4693707
4697073
4700169
4701016
4706881
4711053
4715853
4716281
4717624
4722156
4722161
4728751
4729730
4735263
4736534
4737626
4737630
4739387
4743379
4743382
4743392
4743745
4744301
4744305
4746066
4748519
4750569
4751677
4755698
4757694
4765089
4766327
4767119
4769064
4771880
4776256
4776369
4782290
4782684
4782886
4783561
4786754
4798618
4804527
1090616
1175912
137332
155536
1637094
1679810
2151900
2364676
2627448
2629012
2645689
2678850
2695820
2700481
2714572
2719190
2729956
2747409
2783059
2821304
2821761
2939531
2963743
2984474
2994134
3022137
3035646
3047006
3092109
3097543
3118322
3189570
3195797
3219343
3221128
3228330
3232599
3250601
3259383
3272815
3284653
3299161
3357602
3390060
3402477
3424783
3437305
3446120
3492090
3522086
3530762
3551508
3583117
3599298
3606792
3627450
3653548
3659282
3663314
3672599
3674645
3698890
3699159
3717013
3733430
3750688
3814928
3820530
3851818
3864198
3867385
3886230
3895677
3916371
3981313
4006510
4031878
4035488
4056633
4057210
4064773
4078183
4098927
4110629
4126253
4126544
4129206
4173424
4177255
4236682
4251205
4268833
4306255
4331417
4370408
4378672
4391753
4408998
4414744
4429387
4505980
4511255
4518344
4520502
4541417
4567069
4570464
4574463
4575793
4592122
4602774
4608165
4616337
4620001
4639621
4641063
4695684
4712057
4734873
4766331
4779868
4782461
4783559
2169207
2575200
2662872
2724191
3003225
3014744
3170767
3177461
3395145
3500018
3524698
3534214
3555577
3632499
4137722
4191271
4493310
4521279
4687726
1173130
1402267
1440301
1450314
1544353
1635695
1808079
1868024
1892007
1894797
1913172
1940296
1993977
1994021
2136380
2151063
2234421
2253520
2275746
2315652
2329859
2363132
2416450
2448587
2467420
2491619
2503962
2516433
2516438
2597754
2602741
2634764
2643012
2646693
2649873
2653043
2657246
2660281
2666460
2667170
2672072
2683811
2687754
2688349
2694324
2704169
2705705
2710446
2711952
2720379
2722695
2729217
2739155
2758876
2762967
2771816
2774488
2780824
2785867
2790183
2796397
2796644
2799444
2801465
2801475
2810437
2827084
2827087
2842890
2844590
2845797
2872863
2879291
2880688
2881067
2884342
2890860
2895230
2907571
2922325
2939394
2941786
2941787
2943077
2963161
2967694
2987924
2993045
3000916
3011307
3053558
3078282
3093002
3098414
3098417
3099091
3106818
3125218
3129297
3129974
3131711
3134683
3163517
3166193
3170976
3184675
3186737
3190522
3205748
3214376
3214809
3219693
3222073
3224392
3229789
3237271
3242023
3252886
3253400
3257461
3258683
3258729
3258783
3261086
3264989
3265001
3273722
3281341
3283784
3286725
3302718
3310218
3312327
3341424
3356868
3360867
3367301
3377034
3385193
3391179
3394105
3395139
3399890
3406277
3409398
3411505
3413083
3413831
3444903
3466866
3466871
3466891
3466893
3466900
3467167
3469356
3470023
3474963
3489682
3493811
3495225
3505958
3514348
3525639
3537650
3539102
3539602
3558714
3563437
3563555
3573173
3587671
3591548
3603229
3614767
3619549
3622626
3628368
3629249
3644407
3649801
3654168
3674017
3698067
3698787
3702719
3717425
3721372
3721828
3730748
3736383
3747464
3752881
3753257
3756157
3760668
3766263
3772772
3785054
3796693
3809224
3810263
3817007
3820704
3828817
3835571
3844756
3853238
3868694
3874375
3884863
3915955
3915969
3915974
3915995
3916001
3922183
3927117
3932380
3932785
3947822
3948513
3964438
3965475
3965868
3968285
3968590
3974105
3977134
3977554
3981534
3981980
3984133
3987928
3992729
3995582
3998154
4005623
4008271
4008346
4015174
4020445
4021288
4021414
4022794
4025448
4032314
4043791
4045726
4048533
4055647
4059223
4067836
4071656
4077852
4078092
4091510
4107246
4112453
4124553
4128723
4156962
4157472
4164795
4166862
4167457
4175894
4176741
4178511
4184749
4185157
4195928
4197277
4200026
4207109
4208586
4218701
4226211
4236798
4238423
4243469
4252309
4252316
4252318
4253762
4269206
4271435
4274152
4277789
4278232
4290742
4290748
4291317
4295862
4299408
4301233
4306554
4308460
4310976
4315475
4322478
4323776
4345862
4347263
4350187
4376266
4384871
4387607
4389428
4389462
4409769
4411459
4413552
4430913
4431985
4460136
4460167
4485338
4503345
4521098
4521937
4529720
4532077
4548722
4554352
4560883
4574573
4585439
4592169
4605952
4612484
4616783
4620808
4631733
4631743
4632996
4645697
4645935
4656238
4671452
4673761
4675552
4676440
4679801
4679985
4683856
4706245
4716452
4721048
4737100
4740530
4746803
4752697
4753014
4756468
4761002
4766230
4769740
4775797
4779033
509284
56204
56205
56207
59588
59605
59630
137249
1459158
1540410
1796545
1914302
2202780
2253541
2329636
2526400
2553050
2592729
2627451
2657336
2667410
2672246
2672248
2686849
2700073
2700561
2740038
2740128
2740283
2749011
2769304
2784351
2835690
2857831
2884450
2914738
2989526
3026928
3087728
3150839
3159366
3161841
3168363
3170179
3177586
3195099
3232363
3236292
3249279
3259405
3263000
3291702
3318880
3389865
3423694
3423734
3427963
3443276
3500009
3550420
3591047
3609955
3658250
3675247
3698899
3711735
3717289
3809434
3841531
3860030
3861471
3866778
3888687
3929987
3943460
3970452
3979790
3985204
3996315
4010058
4010064
4035495
4035649
4045362
4080476
4085233
4098887
4152761
4175749
4199298
4276255
4303734
4303735
4304890
4307970
4310083
4310154
4336128
4370353
4376814
4387799
4421889
4489052
4511249
4558818
4564744
4584444
4595216
4625736
4628356
4674590
4683790
4722520
4732242
4744607
4750285
4766329
4774167
1065005
1065033
1175870
1291370
1420306
1459852
1522064
1525175
1526422
1550792
1550828
1563448
1779801
2096525
2125055
2137712
2245931
2263051
2374593
2391269
2396465
2448735
2481444
2546471
2568079
2601208
2687910
2688477
2691645
2691928
2695414
2703261
2780638
2797493
2798056
2798987
2799006
2799007
2799969
2806879
2811971
2813133
2840376
2840559
2840896
2843712
2887164
2889009
2903707
2910376
2911740
2945121
2955665
3047834
3049134
3050437
3052616
3065056
3111358
3133547
3146227
3180153
3180517
3184624
3220001
3227382
3252667
3253421
3263273
3271840
3276828
3301079
3309388
3310784
3352103
3363754
3383135
3383306
3384988
3409617
3469354
3495374
3495385
3495490
3502814
3511196
3515926
3533804
3538673
3556869
3558844
3558853
3574457
3595707
3649706
3673822
3680901
3682283
3743891
3765692
3779311
3790029
3829090
3843550
3844363
3855164
3856522
3920038
3958525
3986749
3997918
4061318
4075116
4082203
4082224
4082235
4082236
4104322
420021
4256916
4277650
4277653
4286984
4292106
4304151
4307725
4311105
4340341
4341250
4345234
4351900
4398234
4413488
4414243
4428250
4441478
4489786
4522149
4534981
4551477
4553955
4559554
4587802
4590418
4620149
4636256
4703194
4720774
4754518
4783087
4804610
522827
1088935
1112595
1277005
130028
1431519
1481583
1524788
1578567
1824744
1852903
1871600
1995609
2108330
2245934
2323612
2362174
2362239
2515635
2640343
2650997
2687595
2687699
2692112
2692115
2695195
2699821
2699953
2700439
2707150
2714412
2722696
2732098
2732534
2741488
2770827
2795196
2798987
2803937
2804000
2846152
2883541
2919449
2949819
2962302
2987943
2988175
2995982
3035198
3119105
3148995
3159061
3170646
3186744
3186746
3195784
3219759
3223529
3229853
3266210
3282915
3299191
3336228
3356273
3359241
3372546
3379868
3389947
3431111
3463040
3481419
3494574
3522360
3568001
3593559
3597559
3609679
3614773
3639712
3657849
3673831
3674684
3701496
3706282
3711847
3750926
3767271
3775210
3805475
3884115
3920447
3932389
3933506
3948575
3996170
4019782
4083727
4096458
4124684
4129429
4144315
4148341
4154888
4179574
4197495
4199860
4235715
4272454
4331823
4375738
4385170
4403815
4438901
4518345
4518521
4592933
4607768
4620770
4746118
4773995
4779352
1196471
1434585
1470043
2072091
2362470
2362544
2362614
2362831
2576302
2783092
2792082
2804720
2930659
3120041
3130190
3161686
3196980
3227341
3276027
3277036
3430489
3435118
3519028
3555358
3555401
3569549
3573552
3575551
3582044
3583529
3583547
3596143
3597593
3600207
3620928
3635626
3685338
3763161
3787306
3808350
3830191
3841296
3879007
3892522
3900443
3920429
3992099
4062211
4062245
4075626
4075821
4094958
4153235
4170137
4276948
4280210
4289066
4325200
4331832
4332024
4419439
4448629
4454540
4526230
4541763
4602019
4616788
4618631
4620327
4632922
4636346
4687205
4689054
4693380
4718127
4752623
4778990
1079887
1097737
1236932
1236946
1310941
1351204
1352361
1379645
1448697
1468404
1479826
1543655
1774568
1852304
1906781
2213647
2278152
2311308
2440925
2503965
2531170
2636761
2639597
2686333
2686422
2686896
2686929
2686941
2687873
2693861
2694622
2700224
2707361
2714497
2730281
2747454
2750140
2771988
2772256
2772257
2791733
2798987
2799006
2803948
2848682
2851293
2854938
2855950
2881091
2892771
2904744
2914004
2966446
2994112
2994114
3024526
3054217
3056326
3060997
3063409
3068934
3088377
3088380
3096434
3109421
3111353
3141399
3152174
3161841
3168814
3175219
3177915
3180463
3189474
3268758
3302020
3309387
3310633
3321650
3347041
3359167
3383153
3394108
3399402
3424794
3432396
3464148
3468115
3473978
3482777
3505566
3542890
3571939
3583105
3610455
3641437
3686064
3697209
3700825
3720260
3728812
3734736
3738323
3748420
3750396
3760181
3769086
3788301
3829221
3841589
3841590
3841601
3841617
3850536
3859000
3913122
3979443
3985033
3992766
4006625
4021376
4027690
4058170
4060266
4107535
4107603
4145983
4158045
4164290
4168242
4173228
4173985
4176400
4195275
4196524
4197513
4199078
4200598
4207293
4219113
4223562
4237053
4295028
4299746
4306323
4316402
4325641
4340033
4364734
4370912
4377168
4410241
4411977
4414978
4445307
4470133
4481350
4489032
4495326
4495328
4501505
4508041
4512749
4547979
4597455
4600920
4611068
4626205
4627352
4647613
4649740
4653595
4654087
4663000
4701076
4717656
4720757
4735078
4748635
4755084
4763557
4773046
4775751
4783389
1087861
116583
1413523
149358
1501062
1501102
1994040
2246197
2270282
2363719
2448669
2453106
2544370
2546416
2613147
2614955
2660286
2680813
2747397
2769227
2769333
2774585
2780607
2788576
2790126
2790130
2790132
2803925
2805813
2813644
2824858
2845766
2856579
2860552
2872337
2875732
2882893
2884341
2884443
2917397
2920707
2922308
2922313
2943164
2945326
2958491
2966711
2994112
2994115
3018269
3019070
3023273
3024037
3028953
3040397
3072743
3088385
3090717
3090750
3097588
3112215
3157010
3158856
3178025
3198586
3215351
3218735
3219017
3250321
3257899
3262403
3262518
3297675
3306317
3319993
3345880
3364155
3387586
3388294
3389519
3389777
3390070
3395868
3418896
3447189
3463045
3492811
3523894
3564268
3568716
3582523
3600315
3630930
3634051
3659912
3678467
3734890
3758217
3804447
3821938
3824737
3828776
3831015
3835220
3850883
3852228
3864758
3868695
3872084
3891409
3904170
3913136
3914350
3917412
3924013
3937065
3944778
3963747
3974569
4007791
4012234
4048520
4064952
4078497
4152955
4157003
4180604
4206362
4239812
4253757
4279842
4282384
4284047
4315783
4347210
4394924
4398419
4399509
4401253
4410120
4427220
4468997
4476741
4497674
4502278
4504650
4507492
4515912
4517830
4523282
4524944
4532968
4533200
4534919
4546218
4553205
4554225
4594628
4599422
4599466
4630042
4630199
4662209
4670966
4688652
4691628
4707311
4712370
4735288
4743395
4750894
4753914
4759971
4767129
4773188
522829
526776
1395301
1458326
1560153
2151854
2254639
2262879
2374627
2588582
2596799
2700245
2702880
2729229
2779365
2851029
2988932
2988935
3014832
3015861
3046349
3065399
3146212
3178032
3202505
3202507
3358307
3411502
3437809
3468117
3471415
3513232
3576789
3602093
3712886
3720619
3748662
3772920
3783665
3807848
3835637
3860017
3860455
3878513
3905505
3905544
3964275
3984179
4002011
4009263
4030609
4052052
4070603
4085800
4113267
4170826
4212306
4247563
4327325
4332755
4352736
4391414
4421884
4435303
4464098
4513750
4531457
4586911
4618532
4710924
1097737
1475186
1501082
1513521
156021
1852304
1891725
1993984
2000893
2040155
2270282
2277396
2291308
2362533
2391269
2440757
2453106
2546478
2584072
2636755
2656493
2657234
2657236
2672240
2678992
2682455
2687896
2702288
2747390
2747397
2761805
2780634
2780821
2790437
2827811
2838368
2882888
2890514
2893119
2918297
2922317
2938031
2943164
2990395
2994107
3006050
3022166
3024526
3047849
3053877
3063533
3072211
3074272
3093219
3099615
3108764
3135130
3158856
3181743
3184449
3184676
3214678
3220253
3262633
3262783
3263538
3295654
3298208
3313753
3317245
3329666
3337512
3349957
3352305
3377955
3383503
3392651
3410308
3420778
3423822
3433013
3434897
3457843
3470021
3475895
3487349
3492809
3502517
3504482
3507264
3516239
3540283
3543806
3551210
3551455
3560669
3569049
3594900
3612491
3622405
3632172
3636818
3656645
3665499
3676321
3699293
3705839
3714042
3716027
3748420
3763643
3769086
3772305
3784865
3804648
3821244
3831017
3832384
3855960
3884849
3896883
3898002
3904170
3913122
3923612
3941093
3949352
3966435
3975151
3985033
3986295
3987325
3992428
3992766
4003802
4015483
4050398
4052068
4063244
4066613
4081174
4089631
4105275
4106092
4107426
4119330
4126814
4131302
4147208
4153640
4157035
4162328
4180604
4205243
4244175
4255632
4277160
4306054
4306074
4307725
4309106
4310379
4312387
4316409
4323789
4324467
4326276
4327181
4346884
4362137
4370306
4371808
4384313
4394329
4410120
4414564
4427946
4455989
4465742
4467737
4475269
4478641
4495460
4500010
4521370
4532023
4532968
4554225
4579931
4597586
4602877
4608064
4608895
4625452
4637462
4645948
4651411
4663845
4689346
4714166
4723030
4735288
4739587
4742513
4745140
4750139
4753005
4753006
4759971
4765015
4768437
4771402
4771899
4772311
4772647
4774062
4776061
4778408
4802904
4807017
522829
526776
1065027
1065078
107740
1175889
1180426
1198042
1208905
1269474
1458326
149414
1533809
1550946
1570054
1664567
1712221
1797181
1803791
1808476
1820623
1824723
1868731
2040155
2096525
2116997
2128404
2150069
2193024
2194711
2216007
2222930
2223499
2234421
2362255
2362262
2362297
2362348
2364506
2374270
2390558
2423752
2423980
2426706
2442958
2442972
2447582
2449007
2503671
2504061
2518129
2518155
2519072
2542398
2546413
2546416
2556666
2570823
2572606
2596162
2613589
2626809
2628097
2628188
2631541
2646073
2657786
2662841
2664139
2671966
2672220
2672258
2673828
2686090
2687910
2691510
2694377
2700470
2702965
2705373
2710383
2718117
2722154
2726498
2729907
2738401
2740072
2740221
2767517
2770458
2772243
2775879
2778833
2779365
2779397
2783065
2783104
2783150
2784504
2784508
2791736
2792616
2797051
2798987
2799006
2799007
2803862
2803863
2803880
2803939
2803950
2803961
2803985
2803988
2810606
2813126
2817660
2820289
2827046
2827069
2827158
2831875
2831897
2833155
2834679
2840960
2841412
2845777
2848228
2852596
2855072
2872306
2873470
2878678
2881009
2885641
2886319
2887895
2890922
2893312
2895172
2895186
2896582
2908657
2912929
2917397
2919795
2920002
2923793
2924356
2931402
2933488
2936082
2936924
2939498
2957111
2966711
2967686
2967696
2974999
2976516
2978230
2978397
2981855
2988959
2992067
2995784
2997099
3002374
3014703
3014832
3014833
3015279
3015453
3015484
3015516
3015576
3015602
3015721
3015861
3015922
3016143
3016185
3016727
3016740
3021273
3025845
3047857
3052194
3054432
3054458
3061903
3066717
3073909
3079674
3083339
3088003
3088756
3089795
3094317
3094361
3099621
3108290
3111368
3113180
3113181
3116008
3120680
3134700
3141691
3142332
3145881
3159233
3168003
3168389
3168409
3168462
3177591
3180154
3180521
3183699
3189146
3190515
3198586
3201110
3202123
3202185
3204302
3206356
3208579
3209998
3219778
3220812
3227163
3227694
3236129
3236145
3243857
324404
3259112
3267401
3267517
3268705
3270345
3277481
3280479
3286733
3289492
3295700
3296598
3298226
3298780
3304619
3312274
3313017
3314559
3318890
3322182
3325070
3330312
3334262
3336247
3338221
3339066
3343155
3343166
3345155
3347645
3350204
3352322
3355084
3363128
3368238
3369408
3376342
3383135
3389490
3391837
3391856
3398075
3398091
3399076
3399362
3399550
3401615
3407696
3418896
3420030
3420577
3420725
3422105
3425036
3429765
3433553
3437809
3449199
3449432
3463128
3464797
3467437
3467606
3468117
3469333
3469962
3470021
3470986
3471415
3471447
3475895
3477366
3477656
3483619
3484318
3485110
3487349
3491236
3491237
3494566
3501159
3504293
3506060
3510970
3517843
3521256
3524328
3529420
3538652
3542893
3544608
3545260
3551419
3552714
3558347
3570143
3572695
3573784
3575286
3575664
3579408
3579689
3583083
3583747
3600251
3612472
3615907
3616070
3616115
3619691
3624641
3626556
362879
3631791
3633285
3636818
3649084
3649224
3649503
3651279
3653701
3658566
3662170
3662630
3662733
3663309
3665121
3665250
3666423
3679817
3687098
3687264
3689053
3706063
3707284
3711730
3712162
3714045
3716219
3724138
3726238
3727947
3728466
3728611
3728613
3729994
3730207
3734730
3735392
3746049
3746057
3755985
3758702
3759068
3764353
3764947
3766223
3770034
3772920
3773424
3782679
3786496
3789899
3790040
3792591
3796684
3800636
3807848
3816187
3820465
3826337
3830293
3830831
3835637
3837327
3840461
3856521
3859735
3860017
3860072
3861473
3878513
3884537
3890739
3891414
3892002
3893685
3894915
3897749
3912669
3914350
3915729
3920997
3921654
3921955
3926684
3939327
3945384
3945763
3959305
3959393
3959438
3959472
3964275
3964296
3965929
3969627
3970310
3970448
3973840
3975180
3978404
3981197
3981223
3988621
3991035
3993037
4000989
4001169
4001341
4007789
4010006
4010023
4012255
4014392
4016293
4017422
4020534
4022769
4025145
4026616
4026643
4029805
4035652
4052052
4055248
4058548
4064203
4066574
4086267
4100053
4101849
4107321
4107435
4114299
4114602
4119348
4119907
4124264
4129213
4133036
4133753
4137105
4137939
4147201
4150433
4150516
4154822
4159244
4166798
4167505
4184652
4189065
4194027
4206347
4209269
4230886
4242068
4246140
4246151
4251235
4255052
4259136
4260110
4276087
4279149
4280467
4290998
4295136
4295985
4304517
4306086
4307004
4307701
4315783
4321408
4324870
4326036
4332457
4339966
4342160
4347963
4350044
4350850
4352736
4353967
4354389
4354971
4356263
4367230
4369988
4377395
4377432
4379200
4384720
4389099
4411896
4417333
4421108
4421268
4421884
4429987
4433194
4434851
4435262
4435271
4435301
4435303
4435304
4435341
4435359
4435372
4443756
4444563
4446664
4446691
4447199
4457178
4458556
4464098
4468343
4476026
4480313
4485235
4492326
4495570
4498877
4502274
4502316
4508958
4510354
4512127
4513752
4519607
4520340
4523925
4524364
4528048
4528876
4528903
4529645
4530916
4530922
4531457
4531542
4531617
4531635
4531960
4532065
4534977
4535107
4538593
4543470
4546971
4554168
4561869
4562648
4564375
4567782
4573599
4574849
4578061
4582536
4586910
4604287
4606557
4608089
4608329
4612482
4612760
4616350
4616455
4617075
4624560
4631276
4637458
4637463
4647019
4650402
4653261
4658566
4668245
4683789
4683809
4684844
4684918
4692264
4692297
4693334
4696369
4701815
4712543
4717627
4718557
4720714
4724762
4729516
4735927
4739250
4743678
4747961
4748209
4748527
4750627
4759124
4760769
4761203
4762789
4773087
4774179
4782684
4785673
1386678
1936290
2039828
2175052
2213070
2542401
2621380
2633327
2664726
2698626
2700608
2714412
2729942
2733991
2769415
2811908
2822295
2840956
2893430
2947016
2990390
2993722
3002889
3056326
3078209
3085970
3087438
3099506
3108707
3191504
3207306
3248338
3253339
3255242
3282637
3352069
3352070
3418768
3459383
3486829
3507244
3683431
3695309
3728870
3736875
3743190
3772869
3781735
3785368
3797640
3878524
3879024
3889633
3892112
3986770
4001330
4137417
4178392
4178412
4215823
4226142
4247502
4269340
4272454
4318821
4336281
4384455
4451478
4471913
4500472
4525190
4573198
4650137
1513518
1513530
1550861
2884442
3339879
4278024
4310357
4347207
1665312
184504
1852385
2169241
2360199
2361367
2362203
2363641
2375335
2577108
2613391
2627183
2653771
2654482
2657129
2698923
2702048
2740074
2740091
2740148
2769301
2769347
2769390
2820663
2827785
2837057
2856579
2858115
2878685
2895168
2902206
2923788
2974996
2974997
2990396
3015573
3016207
3016731
3016818
3025845
3053497
3075172
3099074
3103441
3113160
3129949
3222610
3245898
3296595
3296940
3348093
3363119
3401507
3423748
3457840
3468117
3486799
3488188
3493968
3499266
3518074
3523450
3562074
3584831
3584841
3596899
3624984
3627041
3659246
3671532
3703257
3731173
3743186
3777485
3797929
3809229
3827090
3868681
3937238
3990128
3997707
4013420
4061890
4072622
4130692
4130885
4139696
4189074
4191992
4277327
4289056
4317513
4431429
4435984
4438141
4495181
4513795
4513805
4552199
4559614
4564049
4566314
4569066
4609363
4661854
4689235
4720464
4747950
4748198
1180845
1184073
1185535
1224699
126214
1308850
1325033
137607
1382223
1397830
1414098
1459264
1557481
1570358
1574321
1579227
1618836
1621101
1847829
1925059
1948007
2001137
2041952
2099283
2119186
2140087
2192814
2194705
2216064
2219992
2234420
2265263
2271130
2335291
2374947
2432065
2438478
2441778
2441926
2459247
2479883
2494586
2494604
2499993
2516422
2533303
2542355
2546479
2556689
2565667
2567335
2572604
2577094
2580765
2600221
2600632
2605742
2607275
2614978
2615262
2615353
2630042
2631670
2631715
2631895
2636832
2639545
2640758
2644295
2647165
2664196
2672131
2672190
2672256
2678928
2684271
2684303
2684349
2684360
2687663
2687910
2688343
2699831
2702819
2702916
2704952
2718184
2721353
2721562
2721579
2721610
2725834
2726523
2729697
2740015
2740088
2740120
2740221
2740240
2740262
2740283
2740361
2742654
2765939
2766912
2768112
2769376
2795196
2798987
2799006
2799007
2803903
2803917
2803974
2803984
2804015
2813611
2816807
2820663
2824958
2827785
2840933
2840961
2847135
2847727
2847765
2847813
2850589
2850858
2856853
2857614
2860402
2868795
2873501
2875701
2877018
2878674
2879827
2892470
2892669
2908657
2918323
2920196
2923368
2925354
2930321
2931136
2938550
2939444
2941245
2954016
2963785
2974970
2978439
2984342
2987910
2988939
2995096
3001704
3003213
3003224
3003950
3003960
3004119
3004498
3015331
3015501
3015746
3015878
3015883
3015928
3016142
3016431
3018369
3019005
3019008
3020672
3021286
3021941
3023098
3025845
3029312
3030805
3034052
3034300
3037327
3038627
3042228
3043588
3051121
3053502
3053939
3056262
3057250
3061903
3065402
3065404
3073791
3073800
3073802
3073809
3075146
3075183
3083050
3084169
3087486
3088390
3088750
3092082
3092919
3094313
3094362
3096030
3096149
3099092
3100222
3101356
3103130
3104660
3106168
3108676
3113185
3113206
3114431
3114581
3116003
3128041
3130332
3131130
3131987
3132369
3132856
3133986
3135508
3135628
3141706
3144439
3148878
3152166
3156494
3156723
3158108
3162722
3170210
3170709
3178029
3180521
3180598
3180602
3180660
3180661
3182371
3183550
3183559
3183677
3184437
3190288
3191386
3196037
3196964
3200188
3206217
3206390
3207993
3212915
3214403
3219484
3219485
3219653
3221853
3224941
3226425
3228609
3236405
3249743
3249996
3250325
3252506
3252661
3253678
3259365
3259374
3263033
3263208
3268144
3283520
3285709
3285763
3287034
3289029
3291884
3298203
3298220
3298222
3298655
3298830
3299163
3299191
3299231
3301230
3304052
3304597
3309965
3310252
3314733
3319418
3320483
3323842
3326971
3333819
3336915
3340971
3340972
3342511
3349816
3350004
3350017
3350059
3350181
3350214
3351954
3357934
3358677
3358687
3359167
3361990
3364665
3367354
3367602
3374167
3374420
3376190
3376257
3389660
3389868
3395851
3396245
3398110
3398309
3407736
3408663
3414061
3417999
3418028
3420085
3436660
3437912
3439613
3440897
3443647
3443734
3443991
3444833
3445186
3446034
3446071
3459999
3462718
3463046
3464999
3468023
3468117
3468378
3471569
3487722
3498191
3502287
3502824
3504369
3506055
3506086
3507089
3511201
3521953
3524492
3529578
3531940
3534546
3535736
3539443
3542893
3542896
3543559
3546216
3548683
3551681
3555583
3556556
3570930
3572316
3573471
3575964
3578442
3579130
3582890
3583083
3588397
3588401
3598345
3600272
3600322
3605970
3607252
3608296
3614534
3614597
3614728
3615849
3617318
3618949
3623463
3626577
3632842
3635222
3635469
3644651
3644780
3646184
3646196
3649231
3649295
3649441
3649446
3649447
3649489
3649512
3649560
3649586
3649594
3649658
3657428
3658262
3658294
3664217
3664375
3667037
3685639
3694375
3705812
3710623
3711740
3712003
3713822
3714419
3715463
3719057
3719223
3728100
3728639
3729993
3735895
3741492
3741913
3745917
3747401
3749992
3754398
3754402
3759313
3760704
3764696
3767271
3768671
3768917
3776553
3780548
3781830
3789584
3800572
3804824
3805485
3808825
3813620
3813753
3814282
3816213
3818938
3822347
3822349
3822350
3829256
3830820
3833581
3835839
3844534
3844900
3850083
3852808
3855495
3855980
3857900
3860037
3866812
3868685
3870613
3874342
3878278
3878524
3883068
3892530
3894442
3898431
3899400
3901651
3902562
3902573
3903839
3906958
3913410
3914133
3914163
3914195
3915422
3918659
3921646
3928482
3933662
3934070
3937993
3954265
3959399
3959409
3970339
3974449
3976091
3976774
3977322
3977453
3978041
3981208
3981258
3981259
3981272
3981326
3981338
3981354
3981389
3990177
3992355
3994709
3998213
3998865
4010054
4016691
4017481
4017513
4017684
4024943
4026643
4026713
4026871
4031835
4035679
4041286
4057439
4057925
4064428
4064808
4073040
4074718
4074860
4076242
4082853
4086696
4089675
4090817
4094967
4094971
4099749
4099786
4100388
4100838
4103940
4107275
4120672
4124851
4127228
4127855
4137160
4138642
4155182
4165669
4165736
4166136
4170826
4184457
4184759
4189055
4196433
4198325
4204695
4205979
4206376
4207257
4212304
4212306
4219139
4220387
4222006
4226315
4231156
4232739
4244172
4244175
4246151
4247487
4248370
4250922
4251235
4255052
4255835
4258349
4259481
4264259
4266374
4269088
4274562
4275814
4275820
4275830
4276074
4276901
4281663
4281795
4286819
4287616
4289056
4289301
4289987
4294454
4303756
4304632
4306086
4307701
4308012
4309899
4334492
4337931
4338395
4356049
4356156
4359572
4361963
4362838
4363897
4367038
4378327
4378875
4380388
4381971
4385570
4386243
4386803
4392025
4392326
4392334
4392740
4393485
4393502
4393895
4395293
4396075
4401019
4401189
4414113
4417130
4420405
4421708
4423018
4426513
4426552
4429162
4429958
4430077
4430128
4430220
4433664
4435258
4435334
4435351
4442929
4442939
4443264
4447198
4448106
4450893
4457972
4459110
4461781
4461994
4464369
4467746
4468998
4470113
4478270
4478324
4478679
4481039
4488087
4495275
4496453
4499627
4500811
4503908
4506531
4513804
4516339
4518342
4526845
4529886
4535106
4535107
4538593
4544142
4547692
4553271
4557263
4581177
4581508
4582091
4582528
4594448
4600704
4600873
4600941
4619407
4620401
4629408
4630852
4634030
4635751
4641862
4644047
4644053
4644238
4645902
4654075
4656804
4668305
4668653
4669990
4669991
4675476
4677739
4678516
4678519
4684844
4690502
4703935
4706578
4708169
4709889
4712982
4713223
4713919
4729334
4729712
4732620
4732992
4736302
4737661
4739228
4739973
4739974
4739981
4739982
4739984
4739985
4739987
4747943
4772000
4785695
4785781
4790395
483034
546237
116583
1198258
137368
1431604
1431605
1501070
1513529
1569901
1764909
1994040
2246197
2362581
2362634
2490806
2572025
2638655
2653467
2687595
2695205
2705817
2725796
2735158
2747397
2771783
2788576
2834679
2838746
2850548
2875732
2877526
2884443
2884445
2896398
2911532
2922313
2947005
2963922
3000913
3006380
3024037
3051175
3071350
3072743
3090750
3094378
3109340
3124226
3130969
3141157
3157010
3158856
3201110
3215351
3242016
3249176
3250333
3262508
3267401
3283520
3287133
3303022
3324990
3356717
3370314
3373212
3375013
3386567
3388294
3402013
3409398
3418896
3433319
3438861
3458640
3466875
3466882
3492809
3492814
3492818
3502525
3515503
3516980
3518984
3523516
3557580
3557702
3564268
3580134
3582523
3596657
3596667
3598665
3610119
3631798
3636767
3652753
3656713
3693438
3694800
3703452
3721903
3732344
3738362
3748456
3763648
3769383
3771218
3780486
3792591
3820465
3823568
3825152
3833498
3868695
3870092
3872084
3876306
3904170
3912619
3913401
3914350
3920415
3928256
3930872
3952407
3958649
3963742
3963747
3987421
4010633
4015036
4028296
4036718
4101191
4101194
4101195
4107539
4109035
4113670
4144316
4157480
4181278
4231552
4234996
4279701
4291005
4293292
4294145
4296814
4310414
4338735
4339707
434512
4352418
4359491
4366633
4374095
4376962
4381884
4387610
4392449
4401508
4413833
4427946
4428862
4441383
4442691
4446474
4450566
4453487
4459615
4476438
4480946
4483636
4486121
4493698
4494571
4501539
4508386
4524944
4527812
4541699
4546030
4549543
4559085
4564953
4569775
4578933
4579931
4591503
4599417
4599466
4605939
4613404
4616774
4620024
4630199
4632936
4650955
4651411
4654887
4661965
4670966
4673375
4685986
4688652
4693081
4735530
4739323
4756228
4759971
4775788
4775818
4776061
4778540
4801382
522822
522829
523839
1501070
1501092
1502045
1502054
1569901
1994040
2246197
2448669
2464755
2490806
2659603
2735158
2768583
2774585
2778565
2785945
2788576
2790130
2822139
2826738
2830978
2859336
2875732
2884443
2884444
2884445
2994115
3009612
3018269
3023273
3024037
3032185
3049181
3072743
3090750
3109644
3124226
3147049
3148817
3157010
3158856
3198586
3201110
3258766
3262493
3267401
3301113
3318894
3347892
3362139
3364155
3373212
3388294
3418896
3418897
3429082
3432010
3466826
3466855
3492811
3492814
3516003
3518984
3554518
3557702
3563302
3573168
3578672
3639220
3647286
3665125
3717427
3721274
3722377
3730751
3732344
3780486
3833498
3872084
3904170
3913401
3914350
4032312
4061435
4095417
4101191
4107241
4114331
4126765
4265383
4283117
4290747
4346884
4347210
4422295
4517830
4527570
4586008
4607964
4625957
4630199
4651411
4670966
4685986
4688652
4691094
4715858
4726489
4756228
4759856
4759971
4771860
4776061
2291314
2769363
3026928
3047849
3053800
3209993
3214503
3303750
3469804
4066315
4086224
4527793
4727658
1201155
1360671
1475885
1624832
1624845
1993967
1993984
2194709
2275746
2386363
2447612
2526415
2595884
2627238
2654482
2698873
2698968
2702045
2747404
2769390
2784974
2785867
2790183
2820437
2852733
2893761
2904294
2922321
2922325
2941787
2945205
2995092
3015785
3026197
3035779
3069387
3078282
3108636
3108704
3108705
3146403
3168453
3227138
3227155
3236147
3236360
3237197
3250341
3252886
3259311
3262315
3286730
3304644
3309437
3314981
3341458
3352107
3354358
3360867
3362206
3366298
3371947
3374026
3390077
3391861
3413081
3415803
3429740
3439282
3449435
3457843
3487336
3489869
3503825
3507033
3511494
3513207
3513212
3526517
3531947
3552672
3586144
3601013
3613943
3622854
3627718
3630315
3651182
3651980
3654111
3697786
3722379
3728612
3729987
3738340
3745660
3751465
3751751
3784965
3793470
3795182
3810197
3820482
3827007
3840368
3841469
3905384
3915494
3929813
3958605
3959329
3959428
3970722
3981409
3987151
3987436
3990128
3998850
4017462
4017518
4025450
4031362
4043626
4046243
4079648
4081163
4101590
4102990
4127969
4130884
4143542
4149772
4160620
4166862
4178520
4184769
4189305
4197177
4198650
4207378
4214940
4219139
4253634
4274140
4276324
4287424
4295862
4306066
4310420
4323829
4336731
4391182
4391998
4398121
4421974
4423243
4423276
4435317
4435406
4435984
4436265
4446280
4452779
4461667
4462488
4464049
4471748
4488355
4496477
4508078
4532131
4535002
4554498
4568628
4578030
4579957
4592725
4594082
4602853
4604673
4612236
4616719
4616775
4631331
4641557
4652425
4652732
4656238
4669608
4672113
4675753
4676670
4680175
4683151
4694735
4696211
4707304
4712435
4712557
4721048
4738471
4740530
4743601
4750735
4752263
4752697
4756468
4766665
4779029
4789831
4798841
4798939
1199622
1208954
1464381
1533805
1538593
1594576
1868965
1906752
2330030
2374879
2627612
2649867
2662808
2668105
2681453
2700448
2719183
2741459
2860576
2893122
2939327
2954734
3039013
3072304
3075397
3083323
3092131
3099744
3100084
3123188
3160381
3206363
3216874
3220036
3270219
3279485
3289849
3443459
3463037
3463380
3467250
3492401
3529334
3534605
3535733
3537555
3563697
3591538
3628143
3633019
3639087
3643237
3667448
3675504
3765308
3765544
3784922
3848422
3849377
3869779
3877378
3920435
3938401
3944742
3968083
4035488
4040136
4054972
4126534
4212718
4215823
4233073
4243719
4265083
4286844
4295887
4346107
4349950
4354471
4416110
4470587
4482435
4486374
4532011
4532019
4541726
4550327
4555978
4563085
4581420
4581488
4584017
4590408
4619990
4620844
4627403
4628606
4629756
4629758
4635093
4635174
4635949
4643073
4663861
4664921
4667900
4674980
4676151
4678631
4686227
4686637
4697914
4702317
4729713
4740484
4772910
4778330
543572
1550937
1977847
2291330
2726557
2769284
2771830
2847962
2884443
2931406
3169500
3181843
3333390
3391856
3757857
3791632
3820465
3985540
4007782
4010055
4062374
4070465
4079636
4108729
4133645
4150522
4245158
4257026
4283620
4310436
4323768
4323786
4323829
4327181
4383326
4527798
4606151
4621677
4675644
4696333
4745141
